987131
500485 400485
115094 15094
856326 756326
624506 524506
479248 379248
894416 794416
945421 845421
1040992 940992
780322 680322
666649 566649
315795 215795
349237 249237
758043 658043
896457 796457
1042845 942845
867815 767815
624955 524955
219446 119446
1049252 949252
763422 663422
961009 861009
988791 888791
225901 125901
249359 149359
981122 881122
945667 845667
681094 581094
431598 331598
838738 738738
382007 282007
588574 488574
1020544 920544
965715 865715
985334 885334
378882 278882
682766 582766
831367 731367
693994 593994
759984 659984
859893 759893
173299 73299
862633 762633
649433 549433
1087131 987131
515682 415682
805428 705428
990072 890072
576700 476700
897874 797874
630617 530617
600138 500138
315874 215874
353856 253856
377720 277720
487145 387145
1074419 974419
137995 37995
269794 169794
291529 191529
428196 328196
136199 36199
195997 95997
683277 583277
383116 283116
680097 580097
315908 215908
259719 159719
355539 255539
1035242 935242
245707 145707
836107 736107
738569 638569
141122 41122
925537 825537
241070 141070
190931 90931
576098 476098
1055726 955726
853600 753600
575487 475487
336645 236645
859772 759772
607267 507267
867513 767513
241972 141972
252081 152081
1009895 909895
529943 429943
783213 683213
288058 188058
799748 699748
284303 184303
789487 689487
1013764 913764
571923 471923
1006536 906536
917029 817029
290724 190724
525674 425674
163789 63789
