9909895
10400485 9400485
7015094 6015094
3756326 2756326
2524506 1524506
5379248 4379248
4794416 3794416
3845421 2845421
7940992 6940992
2680322 1680322
7566649 6566649
5215795 4215795
2249237 1249237
5658043 4658043
8796457 7796457
2942845 1942845
10767815 9767815
6524955 5524955
6119446 5119446
2949252 1949252
2663422 1663422
6861009 5861009
3888791 2888791
5125901 4125901
2149359 1149359
3881122 2881122
1845667 845667
4581094 3581094
6331598 5331598
4738738 3738738
2282007 1282007
3488574 2488574
1920544 920544
7865715 6865715
6885334 5885334
9278882 8278882
9582766 8582766
1731367 731367
3593994 2593994
8659984 7659984
9759893 8759893
7073299 6073299
6762633 5762633
6549433 5549433
8987131 7987131
8415682 7415682
9705428 8705428
4890072 3890072
7476700 6476700
7797874 6797874
10530617 9530617
10500138 9500138
5215874 4215874
2253856 1253856
7277720 6277720
1387145 387145
3974419 2974419
1037995 37995
6169794 5169794
8191529 7191529
7328196 6328196
1036199 36199
2095997 1095997
4583277 3583277
5283116 4283116
7580097 6580097
1215908 215908
4159719 3159719
4255539 3255539
2935242 1935242
1145707 145707
4736107 3736107
7638569 6638569
1041122 41122
6825537 5825537
5141070 4141070
5090931 4090931
10476098 9476098
4955726 3955726
6753600 5753600
4475487 3475487
5236645 4236645
7759772 6759772
3507267 2507267
2767513 1767513
7141972 6141972
7152081 6152081
10909895 9909895
3429943 2429943
10683213 9683213
2188058 1188058
10699748 9699748
2184303 1184303
3689487 2689487
7913764 6913764
7471923 6471923
3906536 2906536
6817029 5817029
5190724 4190724
10425674 9425674
6063789 5063789
