99748
10485 485
25094 15094
66326 56326
34506 24506
89248 79248
104416 94416
55421 45421
50992 40992
90322 80322
76649 66649
25795 15795
59237 49237
68043 58043
106457 96457
52845 42845
77815 67815
34955 24955
29446 19446
59252 49252
73422 63422
71009 61009
98791 88791
35901 25901
59359 49359
91122 81122
55667 45667
91094 81094
41598 31598
48738 38738
92007 82007
98574 88574
30544 20544
75715 65715
95334 85334
88882 78882
92766 82766
41367 31367
103994 93994
69984 59984
69893 59893
83299 73299
72633 62633
59433 49433
97131 87131
25682 15682
15428 5428
100072 90072
86700 76700
107874 97874
40617 30617
10138 138
25874 15874
63856 53856
87720 77720
97145 87145
84419 74419
47995 37995
79794 69794
101529 91529
38196 28196
46199 36199
105997 95997
93277 83277
93116 83116
90097 80097
25908 15908
69719 59719
65539 55539
45242 35242
55707 45707
46107 36107
48569 38569
51122 41122
35537 25537
51070 41070
100931 90931
86098 76098
65726 55726
63600 53600
85487 75487
46645 36645
69772 59772
17267 7267
77513 67513
51972 41972
62081 52081
19895 9895
39943 29943
93213 83213
98058 88058
109748 99748
94303 84303
99487 89487
23764 13764
81923 71923
16536 6536
27029 17029
100724 90724
35674 25674
73789 63789
