96777681
10400485 9400485
7015094 6015094
3756326 2756326
2524506 1524506
5379248 4379248
4794416 3794416
3845421 2845421
7940992 6940992
2680322 1680322
7566649 6566649
5215795 4215795
2249237 1249237
5658043 4658043
8796457 7796457
2942845 1942845
10767815 9767815
6524955 5524955
6119446 5119446
2949252 1949252
2663422 1663422
6861009 5861009
3888791 2888791
5125901 4125901
2149359 1149359
3881122 2881122
1845667 845667
4581094 3581094
6331598 5331598
4738738 3738738
2282007 1282007
3488574 2488574
1920544 920544
7865715 6865715
6885334 5885334
9278882 8278882
9582766 8582766
1731367 731367
3593994 2593994
8659984 7659984
9759893 8759893
7073299 6073299
6762633 5762633
6549433 5549433
8987131 7987131
8415682 7415682
9705428 8705428
4890072 3890072
7476700 6476700
7797874 6797874
10530617 9530617
10500138 9500138
5215874 4215874
2253856 1253856
7277720 6277720
1387145 387145
3974419 2974419
1037995 37995
6169794 5169794
8191529 7191529
7328196 6328196
1036199 36199
2095997 1095997
4583277 3583277
5283116 4283116
7580097 6580097
1215908 215908
4159719 3159719
4255539 3255539
2935242 1935242
1145707 145707
4736107 3736107
7638569 6638569
1041122 41122
6825537 5825537
5141070 4141070
5090931 4090931
10476098 9476098
4955726 3955726
6753600 5753600
4475487 3475487
5236645 4236645
7759772 6759772
3507267 2507267
2767513 1767513
7141972 6141972
7152081 6152081
10909895 9909895
3429943 2429943
10683213 9683213
2188058 1188058
10699748 9699748
2184303 1184303
3689487 2689487
7913764 6913764
7471923 6471923
3906536 2906536
6817029 5817029
5190724 4190724
10425674 9425674
6063789 5063789
2198540 1198540
10327479 9327479
5145554 4145554
7662142 6662142
9522467 8522467
6638339 5638339
5247046 4247046
4968641 3968641
6289710 5289710
1443196 443196
3540553 2540553
1281494 281494
10233191 9233191
9284066 8284066
1618724 618724
6930824 5930824
7605730 6605730
4999208 3999208
1536988 536988
2559711 1559711
10972090 9972090
5278800 4278800
1919340 919340
4343314 3343314
5427549 4427549
6066289 5066289
7004196 6004196
9069401 8069401
5770865 4770865
5541466 4541466
8779678 7779678
4302689 3302689
10665570 9665570
8666833 7666833
6814936 5814936
6475225 5475225
7203722 6203722
10736244 9736244
9073651 8073651
4743849 3743849
10176123 9176123
6018113 5018113
4871431 3871431
9933379 8933379
7478508 6478508
2477361 1477361
8407585 7407585
6562065 5562065
5441853 4441853
9167486 8167486
1159642 159642
5612686 4612686
4397992 3397992
5857286 4857286
4536725 3536725
9771889 8771889
2561286 1561286
6798024 5798024
7161812 6161812
3679491 2679491
10428859 9428859
1306891 306891
7860663 6860663
6275090 5275090
3281088 2281088
5185181 4185181
3724179 2724179
2921214 1921214
8554187 7554187
2761017 1761017
5896619 4896619
4143472 3143472
9247261 8247261
9804418 8804418
9016846 8016846
2405419 1405419
1929192 929192
3517356 2517356
1957261 957261
9186682 8186682
7015514 6015514
7029306 6029306
6012886 5012886
4112201 3112201
9203530 8203530
5388385 4388385
7964849 6964849
6191952 5191952
6183294 5183294
4511500 3511500
3731799 2731799
9721194 8721194
3162391 2162391
2159737 1159737
3364330 2364330
10344324 9344324
8102298 7102298
1412992 412992
9632790 8632790
5042224 4042224
5045275 4045275
2598260 1598260
7989826 6989826
1771097 771097
9832072 8832072
10354210 9354210
3802866 2802866
1621649 621649
10167951 9167951
9436919 8436919
4498748 3498748
9213063 8213063
7856685 6856685
10832958 9832958
10009956 9009956
9254804 8254804
9748564 8748564
10240518 9240518
8524183 7524183
2765428 1765428
5929400 4929400
10005537 9005537
8006721 7006721
6435346 5435346
9681207 8681207
2814153 1814153
3021323 2021323
7678971 6678971
8160611 7160611
10317662 9317662
6592116 5592116
1214197 214197
6008109 5008109
5318091 4318091
9686795 8686795
7311529 6311529
3399343 2399343
2405126 1405126
2897862 1897862
10138747 9138747
2481685 1481685
3388469 2388469
4907010 3907010
1643770 643770
8931881 7931881
8141934 7141934
9576984 8576984
7700723 6700723
2289403 1289403
6991895 5991895
2078360 1078360
8417568 7417568
10305449 9305449
3416172 2416172
2933541 1933541
10456958 9456958
5896272 4896272
2484383 1484383
8592877 7592877
1333308 333308
9353359 8353359
4434970 3434970
7952707 6952707
9093583 8093583
6544308 5544308
8766048 7766048
5767770 4767770
7120930 6120930
8433030 7433030
6407569 5407569
6386208 5386208
2625003 1625003
1915311 915311
6667020 5667020
7602100 6602100
7411609 6411609
8463939 7463939
10995887 9995887
2108422 1108422
2046825 1046825
2492785 1492785
10479930 9479930
10415370 9415370
5514904 4514904
4673989 3673989
6700241 5700241
2674969 1674969
3907379 2907379
6309143 5309143
10489376 9489376
1599972 599972
1437962 437962
3467028 2467028
9396889 8396889
7223061 6223061
6117443 5117443
6689638 5689638
3088216 2088216
5561348 4561348
9395338 8395338
9289347 8289347
10949160 9949160
6658066 5658066
5746406 4746406
1461391 461391
8848159 7848159
4505638 3505638
1893031 893031
10525295 9525295
9855204 8855204
4693826 3693826
4887420 3887420
10681196 9681196
3499153 2499153
7632449 6632449
2443425 1443425
3289855 2289855
4305331 3305331
9652143 8652143
4640565 3640565
4695487 3695487
6777838 5777838
5939140 4939140
10308009 9308009
9550564 8550564
9113918 8113918
3743615 2743615
7880533 6880533
2598135 1598135
6390232 5390232
1273564 273564
2593957 1593957
1006360 6360
2556591 1556591
1167793 167793
4430576 3430576
5709163 4709163
2233746 1233746
10754859 9754859
5046377 4046377
6793760 5793760
3423858 2423858
1759711 759711
9943086 8943086
3845662 2845662
1562434 562434
7750159 6750159
1410558 410558
8995660 7995660
8284279 7284279
2614268 1614268
1992840 992840
6445948 5445948
3762735 2762735
6617315 5617315
8628574 7628574
8034676 7034676
8870126 7870126
4408341 3408341
3163912 2163912
8913689 7913689
9748739 8748739
4547894 3547894
3440821 2440821
3611706 2611706
4623625 3623625
8057490 7057490
10635917 9635917
5727478 4727478
1896201 896201
10955671 9955671
7112993 6112993
7401932 6401932
1001149 1149
5302899 4302899
1810052 810052
7906237 6906237
6859759 5859759
2330187 1330187
10049267 9049267
1933472 933472
1792256 792256
2058772 1058772
1908783 908783
5652098 4652098
7978117 6978117
8085906 7085906
9041516 8041516
8233911 7233911
7687180 6687180
9750635 8750635
1677025 677025
8260225 7260225
5840380 4840380
2350823 1350823
5795712 4795712
4899164 3899164
6298266 5298266
8518343 7518343
8433216 7433216
8341732 7341732
2481448 1481448
9389502 8389502
8459541 7459541
2432740 1432740
3162664 2162664
1522576 522576
5293954 4293954
4223612 3223612
7345726 6345726
9256902 8256902
8376772 7376772
3465454 2465454
9348531 8348531
6678411 5678411
2864943 1864943
1267973 267973
5561750 4561750
8497703 7497703
5842327 4842327
10914850 9914850
5953917 4953917
10717077 9717077
3484005 2484005
6821220 5821220
4603113 3603113
5924802 4924802
3939913 2939913
10252403 9252403
2750791 1750791
9566181 8566181
3977998 2977998
3612010 2612010
10675859 9675859
10497525 9497525
7630345 6630345
10253919 9253919
9937431 8937431
10174668 9174668
5749675 4749675
1456527 456527
2442833 1442833
1653462 653462
7104438 6104438
9045291 8045291
10513523 9513523
2191605 1191605
8587916 7587916
10598457 9598457
10076420 9076420
3628405 2628405
2078115 1078115
9541417 8541417
4906660 3906660
2714279 1714279
1274261 274261
4717685 3717685
4769772 3769772
9197596 8197596
9378388 8378388
3192307 2192307
5531764 4531764
3620224 2620224
6958843 5958843
1803322 803322
6948206 5948206
5965840 4965840
8377407 7377407
6236975 5236975
9830639 8830639
5161401 4161401
6750852 5750852
1474091 474091
1422542 422542
5445327 4445327
1106060 106060
8880330 7880330
10526757 9526757
8814182 7814182
8923082 7923082
4379603 3379603
4091637 3091637
6851793 5851793
7723093 6723093
8775615 7775615
3760614 2760614
2663733 1663733
1670136 670136
2213864 1213864
2630187 1630187
10259016 9259016
7024102 6024102
5814863 4814863
1859972 859972
10946987 9946987
1969163 969163
5975306 4975306
7857501 6857501
2088034 1088034
4900477 3900477
10896840 9896840
8793492 7793492
3006700 2006700
3471121 2471121
10744706 9744706
10853080 9853080
1894787 894787
4368138 3368138
7479105 6479105
3967660 2967660
5950834 4950834
2661229 1661229
9185798 8185798
3234827 2234827
8583310 7583310
10222448 9222448
1851609 851609
8888230 7888230
5780690 4780690
9378832 8378832
3368561 2368561
9116489 8116489
4679579 3679579
2251586 1251586
7240060 6240060
6451291 5451291
8907388 7907388
3609665 2609665
9031309 8031309
7766660 6766660
8761407 7761407
1293702 293702
1063200 63200
5202153 4202153
4952313 3952313
6107606 5107606
3328970 2328970
9823123 8823123
3881033 2881033
5131253 4131253
6022273 5022273
5769709 4769709
10495277 9495277
8515832 7515832
3748997 2748997
3872108 2872108
4359040 3359040
8760888 7760888
5205227 4205227
8001481 7001481
5491860 4491860
8061283 7061283
8095940 7095940
9018858 8018858
9445608 8445608
7594284 6594284
9434990 8434990
9695711 8695711
4003590 3003590
4226850 3226850
4066806 3066806
10991239 9991239
3597052 2597052
6358943 5358943
2661801 1661801
4522195 3522195
6939764 5939764
1467095 467095
1734710 734710
4101410 3101410
9798386 8798386
9931664 8931664
1102593 102593
10093900 9093900
7579050 6579050
2960112 1960112
10415494 9415494
3323963 2323963
9932156 8932156
10768754 9768754
4296936 3296936
8897458 7897458
10429965 9429965
6300019 5300019
3992086 2992086
1106225 106225
6350723 5350723
7598569 6598569
1244184 244184
8506097 7506097
10859868 9859868
5382194 4382194
1497340 497340
5935754 4935754
7794412 6794412
7854602 6854602
6854487 5854487
5211061 4211061
5860209 4860209
2012695 1012695
1892346 892346
3170347 2170347
1003860 3860
2866719 1866719
6288307 5288307
8941100 7941100
9700095 8700095
8731097 7731097
5285821 4285821
6226843 5226843
4873941 3873941
4603745 3603745
9402821 8402821
3273286 2273286
2181587 1181587
5447492 4447492
9218201 8218201
5410116 4410116
10905665 9905665
3321531 2321531
9532527 8532527
8482424 7482424
3937812 2937812
6859253 5859253
6969424 5969424
2181426 1181426
9711459 8711459
7078413 6078413
10109343 9109343
6756980 5756980
5944836 4944836
8171291 7171291
1090506 90506
1162833 162833
1850179 850179
3760486 2760486
2571916 1571916
6369009 5369009
5914430 4914430
5291575 4291575
3557596 2557596
10847922 9847922
8355808 7355808
9699145 8699145
10017269 9017269
7489897 6489897
7595512 6595512
2573404 1573404
2567811 1567811
6380742 5380742
10573685 9573685
2730728 1730728
1182567 182567
1133269 133269
3603776 2603776
6885103 5885103
3730855 2730855
6979745 5979745
9937718 8937718
7853035 6853035
2596853 1596853
3857779 2857779
6652097 5652097
8036071 7036071
9901146 8901146
10673080 9673080
3529746 2529746
9036842 8036842
9126015 8126015
4768128 3768128
1923965 923965
4860941 3860941
3551512 2551512
9160227 8160227
3370480 2370480
2626030 1626030
4190958 3190958
8601342 7601342
6811665 5811665
7612605 6612605
4525191 3525191
8173531 7173531
6334964 5334964
5453364 4453364
7302515 6302515
5125359 4125359
10159606 9159606
2536867 1536867
3136822 2136822
7213820 6213820
4324536 3324536
10878313 9878313
5679693 4679693
10285207 9285207
3081019 2081019
7878911 6878911
7130335 6130335
7954308 6954308
7726101 6726101
8976430 7976430
3009922 2009922
9258685 8258685
5129294 4129294
5436641 4436641
3423910 2423910
6740113 5740113
10552410 9552410
3269141 2269141
1513250 513250
9587690 8587690
5850546 4850546
3422700 2422700
10736729 9736729
3291559 2291559
10798609 9798609
10976481 9976481
3059720 2059720
4910503 3910503
1963976 963976
1231766 231766
2131759 1131759
8380007 7380007
8452798 7452798
4871882 3871882
10114074 9114074
3921859 2921859
2848648 1848648
2574182 1574182
1340299 340299
10990425 9990425
1690785 690785
5295542 4295542
4019846 3019846
9244683 8244683
3160390 2160390
1900853 900853
6627897 5627897
6555938 5555938
7986416 6986416
9433089 8433089
3480837 2480837
2500624 1500624
4923247 3923247
9715181 8715181
6277293 5277293
10972878 9972878
7258144 6258144
6490933 5490933
4822938 3822938
3380580 2380580
9131467 8131467
2402252 1402252
6481480 5481480
3939207 2939207
4828955 3828955
3272658 2272658
5795665 4795665
1549020 549020
3108026 2108026
9217954 8217954
2684564 1684564
1536347 536347
5709449 4709449
10010759 9010759
1137026 137026
10474446 9474446
4790521 3790521
1536014 536014
7479301 6479301
2513657 1513657
3197321 2197321
6398710 5398710
7641613 6641613
3328980 2328980
1367388 367388
5125188 4125188
4845879 3845879
3835636 2835636
5359990 4359990
2761203 1761203
8028188 7028188
7063432 6063432
6354963 5354963
7869129 6869129
10784820 9784820
1557630 557630
4427300 3427300
5085509 4085509
4798822 3798822
7127237 6127237
6481255 5481255
3240373 2240373
6543277 5543277
2417838 1417838
1797153 797153
9527395 8527395
4119400 3119400
4323692 3323692
6975227 5975227
2789103 1789103
7987518 6987518
6828218 5828218
8611447 7611447
5171384 4171384
1510315 510315
7227931 6227931
8172813 7172813
3089396 2089396
6305324 5305324
9235389 8235389
2486502 1486502
9900640 8900640
7255299 6255299
10183287 9183287
1305780 305780
4785297 3785297
4366376 3366376
5076977 4076977
10633516 9633516
6321512 5321512
6091212 5091212
9893219 8893219
4551329 3551329
2811555 1811555
7340810 6340810
8865398 7865398
7495486 6495486
2726289 1726289
4109485 3109485
2617798 1617798
9176416 8176416
5797598 4797598
7372952 6372952
9799049 8799049
9002894 8002894
10450572 9450572
2710358 1710358
5402697 4402697
7264021 6264021
3280770 2280770
1667647 667647
4043725 3043725
2079044 1079044
1172542 172542
4511683 3511683
6360214 5360214
9575361 8575361
7342887 6342887
1497814 497814
3047045 2047045
10116231 9116231
10612094 9612094
8182008 7182008
6080282 5080282
5367165 4367165
3028082 2028082
6614496 5614496
2591319 1591319
8251699 7251699
1692626 692626
6934852 5934852
2062146 1062146
6262459 5262459
8680541 7680541
2718535 1718535
5796874 4796874
2673314 1673314
7356725 6356725
4050944 3050944
10035777 9035777
10823306 9823306
1949554 949554
6423459 5423459
6459208 5459208
4897637 3897637
9016787 8016787
7210447 6210447
4075976 3075976
10227408 9227408
5952912 4952912
4853107 3853107
8020444 7020444
1197962 197962
7837003 6837003
1321565 321565
10324301 9324301
8507407 7507407
1040164 40164
1461857 461857
7384437 6384437
2383317 1383317
8828652 7828652
10392098 9392098
9309764 8309764
8758818 7758818
8173041 7173041
4889600 3889600
6752737 5752737
1969288 969288
10461176 9461176
7215902 6215902
8156136 7156136
9821567 8821567
7821128 6821128
1186190 186190
3821394 2821394
2318749 1318749
4331235 3331235
7002908 6002908
4877042 3877042
2924276 1924276
10351824 9351824
3357748 2357748
7638684 6638684
1539592 539592
2056979 1056979
9889393 8889393
3209568 2209568
6608363 5608363
3410367 2410367
7108163 6108163
7448052 6448052
4820983 3820983
6804642 5804642
6805179 5805179
10604335 9604335
4191016 3191016
3444126 2444126
3071478 2071478
1662130 662130
5082259 4082259
1442583 442583
8936868 7936868
3748129 2748129
8204295 7204295
4383752 3383752
10876596 9876596
7457167 6457167
2635071 1635071
7847856 6847856
8174622 7174622
2827640 1827640
3212864 2212864
10049770 9049770
5853644 4853644
1251431 251431
5906005 4906005
9911195 8911195
6915365 5915365
3467448 2467448
9483429 8483429
9445701 8445701
9787064 8787064
7320952 6320952
8207854 7207854
7213880 6213880
1952770 952770
9544168 8544168
8229088 7229088
1807079 807079
9608157 8608157
3852961 2852961
2153368 1153368
4144472 3144472
3196421 2196421
6155217 5155217
9121719 8121719
10118709 9118709
1091271 91271
3530147 2530147
1778975 778975
2247296 1247296
6895816 5895816
9150909 8150909
9253962 8253962
8705764 7705764
1543535 543535
3425251 2425251
3114438 2114438
3155878 2155878
6403696 5403696
6445753 5445753
2124881 1124881
1728570 728570
6323318 5323318
2025253 1025253
2908045 1908045
4647666 3647666
6819052 5819052
9486931 8486931
2022496 1022496
2580433 1580433
10942313 9942313
4137810 3137810
7628138 6628138
10775678 9775678
8497334 7497334
1756123 756123
4493988 3493988
2800212 1800212
10560508 9560508
8406066 7406066
7178770 6178770
3917206 2917206
10100751 9100751
5603750 4603750
1743780 743780
1008064 8064
8767441 7767441
5436466 4436466
3260207 2260207
1929337 929337
7528516 6528516
7165510 6165510
10460674 9460674
7653796 6653796
4159408 3159408
6150175 5150175
9338920 8338920
4572437 3572437
3262573 2262573
4009938 3009938
1656634 656634
2906848 1906848
3692878 2692878
4115561 3115561
2144990 1144990
2864718 1864718
8710826 7710826
4582948 3582948
6489696 5489696
4188649 3188649
8273800 7273800
2537569 1537569
5842411 4842411
2932663 1932663
7672422 6672422
3170582 2170582
7860707 6860707
3219843 2219843
5591334 4591334
8686202 7686202
1477986 477986
4543702 3543702
4377494 3377494
1968579 968579
3379150 2379150
5582725 4582725
10273562 9273562
5809803 4809803
1663380 663380
3914340 2914340
7475832 6475832
4462156 3462156
6446979 5446979
1591832 591832
9677376 8677376
3102602 2102602
2797511 1797511
6004234 5004234
3827414 2827414
9884688 8884688
7372160 6372160
8728184 7728184
1661982 661982
8864978 7864978
5770238 4770238
10229413 9229413
9223490 8223490
6843633 5843633
5887899 4887899
1393585 393585
8793251 7793251
3648606 2648606
9529526 8529526
2904963 1904963
4919897 3919897
2563350 1563350
7476039 6476039
2134242 1134242
3319657 2319657
2118539 1118539
1420452 420452
5576739 4576739
7297538 6297538
10735267 9735267
9354831 8354831
5031165 4031165
10777460 9777460
5017177 4017177
3192185 2192185
1865720 865720
6933934 5933934
4508802 3508802
1324440 324440
5088644 4088644
7061490 6061490
9671082 8671082
1595168 595168
2933798 1933798
9346071 8346071
3271197 2271197
8762977 7762977
3316173 2316173
2014458 1014458
8094081 7094081
8894204 7894204
9623235 8623235
10620803 9620803
6014112 5014112
10651139 9651139
1511103 511103
9560399 8560399
9795268 8795268
4901420 3901420
10697879 9697879
7380991 6380991
8995643 7995643
1142578 142578
3609106 2609106
5330972 4330972
9024122 8024122
6847177 5847177
6324444 5324444
8511398 7511398
4999262 3999262
2060348 1060348
6940691 5940691
8653496 7653496
3049997 2049997
3290276 2290276
9336446 8336446
2228825 1228825
7074171 6074171
5852614 4852614
5475549 4475549
9857121 8857121
3558281 2558281
6718730 5718730
5653211 4653211
5214341 4214341
7063112 6063112
8427284 7427284
3381408 2381408
6989698 5989698
2448730 1448730
3046017 2046017
9743363 8743363
8280546 7280546
7668089 6668089
1748672 748672
5152605 4152605
6948974 5948974
10001938 9001938
5353866 4353866
10018168 9018168
9475377 8475377
10061705 9061705
4930559 3930559
6379047 5379047
9554340 8554340
10346400 9346400
6914527 5914527
4735215 3735215
2422779 1422779
2416114 1416114
8817761 7817761
3758051 2758051
8761483 7761483
10889881 9889881
3335092 2335092
4657549 3657549
9090390 8090390
6461679 5461679
9053583 8053583
8024328 7024328
5764661 4764661
10475250 9475250
2502391 1502391
1404203 404203
5714336 4714336
10380481 9380481
7787661 6787661
6470752 5470752
2212125 1212125
10384707 9384707
7363089 6363089
5016082 4016082
9086275 8086275
10745063 9745063
2298359 1298359
4062660 3062660
6675178 5675178
3078021 2078021
3327780 2327780
6660287 5660287
4909042 3909042
10725219 9725219
10344005 9344005
1814500 814500
1182380 182380
9076820 8076820
4957772 3957772
5384095 4384095
8003816 7003816
1634044 634044
8880009 7880009
9834748 8834748
1859484 859484
5637678 4637678
9272545 8272545
10264276 9264276
8908589 7908589
2127478 1127478
7466157 6466157
9237663 8237663
8471901 7471901
9244594 8244594
9817777 8817777
1339757 339757
4053074 3053074
2473947 1473947
5992247 4992247
7166448 6166448
10053055 9053055
8377570 7377570
1329479 329479
1099313 99313
3700785 2700785
6316981 5316981
9805958 8805958
10509795 9509795
6610680 5610680
3347552 2347552
10596393 9596393
3282389 2282389
7200944 6200944
10899280 9899280
9032596 8032596
3124864 2124864
4512619 3512619
10707636 9707636
1070611 70611
4920512 3920512
6601852 5601852
4976892 3976892
8911283 7911283
6673184 5673184
2851299 1851299
5330947 4330947
7624766 6624766
4561614 3561614
5023312 4023312
9895625 8895625
10511826 9511826
3919149 2919149
8336726 7336726
1532377 532377
3864733 2864733
10686474 9686474
7557805 6557805
5587018 4587018
6698679 5698679
5106662 4106662
8410403 7410403
1256416 256416
6663964 5663964
10134001 9134001
2450337 1450337
9960530 8960530
4745541 3745541
3833752 2833752
4379478 3379478
3338022 2338022
2070369 1070369
9708981 8708981
4450946 3450946
4478777 3478777
8496821 7496821
7017957 6017957
8964833 7964833
2317275 1317275
2925837 1925837
5902584 4902584
6717490 5717490
10930582 9930582
8147037 7147037
8469121 7469121
6554594 5554594
1879951 879951
6203129 5203129
8662668 7662668
6359258 5359258
6490118 5490118
3323246 2323246
3598319 2598319
7435362 6435362
5723896 4723896
5669755 4669755
5438521 4438521
1523504 523504
1886948 886948
8641071 7641071
6050248 5050248
8060177 7060177
2482474 1482474
9078176 8078176
4367351 3367351
2874803 1874803
10519054 9519054
2647237 1647237
5159155 4159155
2321677 1321677
5357660 4357660
7906033 6906033
3341871 2341871
5515115 4515115
3768486 2768486
10079597 9079597
9885294 8885294
9775769 8775769
8448425 7448425
7119536 6119536
5061245 4061245
7366956 6366956
6818382 5818382
8017341 7017341
7546371 6546371
6494184 5494184
1093708 93708
10222234 9222234
5682544 4682544
10063569 9063569
7042794 6042794
6666216 5666216
4378387 3378387
5587537 4587537
6528738 5528738
2546084 1546084
5048520 4048520
6103810 5103810
8941281 7941281
7057657 6057657
6279502 5279502
5899033 4899033
10178091 9178091
9652159 8652159
5160503 4160503
3201520 2201520
2936924 1936924
4299668 3299668
3937016 2937016
6602287 5602287
1273033 273033
1982229 982229
3501344 2501344
4532374 3532374
2569349 1569349
2476474 1476474
6845606 5845606
1725672 725672
8464896 7464896
6083915 5083915
3109595 2109595
5387511 4387511
6378441 5378441
7781123 6781123
3567102 2567102
4682569 3682569
1528052 528052
6363199 5363199
10492654 9492654
4183396 3183396
10194710 9194710
9391715 8391715
2493434 1493434
4464059 3464059
10699245 9699245
6097610 5097610
2046036 1046036
8100917 7100917
3413661 2413661
9373927 8373927
1525413 525413
8685270 7685270
7621013 6621013
3941117 2941117
10141370 9141370
2661516 1661516
7760400 6760400
9620215 8620215
6863195 5863195
9528216 8528216
4236984 3236984
2987237 1987237
9660476 8660476
2094615 1094615
2152164 1152164
6500499 5500499
9211405 8211405
2610477 1610477
8556674 7556674
7650760 6650760
9681196 8681196
8830285 7830285
1070608 70608
4428056 3428056
4022907 3022907
1516966 516966
1710532 710532
1435622 435622
1631051 631051
2370221 1370221
1360716 360716
10323194 9323194
4926327 3926327
7425091 6425091
6408880 5408880
4572347 3572347
3501710 2501710
7205252 6205252
6653267 5653267
5614473 4614473
9439400 8439400
3177516 2177516
5348376 4348376
2051385 1051385
7963609 6963609
3288357 2288357
9628320 8628320
1702958 702958
5456196 4456196
9967665 8967665
6271538 5271538
7851792 6851792
2132935 1132935
7014064 6014064
8628404 7628404
7717420 6717420
5942100 4942100
4982671 3982671
5239126 4239126
7716968 6716968
9141855 8141855
9260877 8260877
5222094 4222094
2606177 1606177
3135731 2135731
4244523 3244523
9848253 8848253
4943139 3943139
3735008 2735008
6391152 5391152
10137393 9137393
4889732 3889732
3942543 2942543
9900246 8900246
10113348 9113348
1025565 25565
2659318 1659318
1022740 22740
6075489 5075489
5580902 4580902
1386022 386022
4651017 3651017
5048998 4048998
8660973 7660973
9682049 8682049
6071298 5071298
2177381 1177381
9106611 8106611
6880010 5880010
5589032 4589032
1839429 839429
8367011 7367011
7899221 6899221
1443337 443337
3574150 2574150
10729136 9729136
5026717 4026717
8045889 7045889
10898530 9898530
1296522 296522
10249332 9249332
8980805 7980805
6908942 5908942
4348028 3348028
6956565 5956565
2537931 1537931
10981216 9981216
8518757 7518757
8447061 7447061
4747609 3747609
3388170 2388170
9054544 8054544
4482872 3482872
10012905 9012905
8768644 7768644
4412595 3412595
10898208 9898208
1512246 512246
2284680 1284680
2322113 1322113
5873697 4873697
6379175 5379175
10675639 9675639
10338156 9338156
8445679 7445679
4332244 3332244
5855961 4855961
5157883 4157883
1674361 674361
3790265 2790265
2980802 1980802
1090883 90883
6393359 5393359
1721462 721462
8677839 7677839
10500485 9500485
9702718 8702718
6830272 5830272
2763280 1763280
1023204 23204
8728252 7728252
1690984 690984
5361280 4361280
9777409 8777409
2639102 1639102
8427398 7427398
8245615 7245615
9177909 8177909
4472296 3472296
3778370 2778370
8100481 7100481
9387882 8387882
3564956 2564956
5041214 4041214
9361230 8361230
3279766 2279766
7590259 6590259
3056035 2056035
9786922 8786922
6110421 5110421
8877706 7877706
8195271 7195271
2982272 1982272
6110370 5110370
7527156 6527156
10233848 9233848
8046552 7046552
3408050 2408050
1577485 577485
8255976 7255976
2716536 1716536
6604270 5604270
8521070 7521070
2527796 1527796
3620902 2620902
6605963 5605963
10787452 9787452
8911379 7911379
9857035 8857035
10385991 9385991
7825947 6825947
2790551 1790551
6611378 5611378
6200897 5200897
1613057 613057
4790307 3790307
2722352 1722352
9794421 8794421
10981669 9981669
1780074 780074
4180702 3180702
3266388 2266388
4013141 3013141
4038559 3038559
8907458 7907458
3609980 2609980
10991463 9991463
1783615 783615
4991756 3991756
8454681 7454681
8842887 7842887
4362231 3362231
8742332 7742332
1253207 253207
2676528 1676528
1632818 632818
8338656 7338656
6595331 5595331
3635254 2635254
5254979 4254979
3169787 2169787
4768445 3768445
4490495 3490495
8866348 7866348
7498370 6498370
10293724 9293724
1549010 549010
3035401 2035401
8867200 7867200
2711646 1711646
5664327 4664327
4288668 3288668
8381017 7381017
7455242 6455242
7921374 6921374
1645302 645302
8499755 7499755
4269861 3269861
9527980 8527980
9168830 8168830
6279376 5279376
7440077 6440077
9433008 8433008
9233441 8233441
6860032 5860032
6873589 5873589
3595460 2595460
2619990 1619990
2438804 1438804
6008189 5008189
7983023 6983023
10657868 9657868
1376869 376869
10565996 9565996
6905943 5905943
1493363 493363
7733715 6733715
9820237 8820237
4100628 3100628
3696420 2696420
3983073 2983073
3382565 2382565
8679199 7679199
6855214 5855214
4839038 3839038
3032333 2032333
1191209 191209
1497726 497726
4895327 3895327
5864175 4864175
9179912 8179912
8942058 7942058
8449799 7449799
10086625 9086625
10527372 9527372
1063066 63066
9311976 8311976
7094169 6094169
6763120 5763120
10851475 9851475
5621667 4621667
1464204 464204
3598188 2598188
10293090 9293090
3186028 2186028
4771496 3771496
10505704 9505704
6988001 5988001
9200649 8200649
9826474 8826474
8220746 7220746
2273449 1273449
2184697 1184697
7188252 6188252
3065712 2065712
7469332 6469332
3018289 2018289
4946287 3946287
10509625 9509625
6414189 5414189
3181953 2181953
8771889 7771889
3094462 2094462
10683063 9683063
1089302 89302
9702378 8702378
4626079 3626079
6701206 5701206
1878041 878041
9551897 8551897
8104823 7104823
6331230 5331230
6977908 5977908
7357382 6357382
1287665 287665
10507575 9507575
5066036 4066036
4053060 3053060
2959732 1959732
3879529 2879529
3404809 2404809
7097477 6097477
7939066 6939066
7017290 6017290
8861291 7861291
4840089 3840089
5006591 4006591
4704961 3704961
6506583 5506583
6363461 5363461
9343252 8343252
4915702 3915702
1735479 735479
4489532 3489532
2256530 1256530
3318680 2318680
6384224 5384224
9389053 8389053
8391788 7391788
1821642 821642
1952309 952309
3485000 2485000
1806366 806366
3502891 2502891
4837352 3837352
1093822 93822
6878402 5878402
8401152 7401152
9912545 8912545
5746324 4746324
2514113 1514113
2277633 1277633
6822967 5822967
2289267 1289267
3884454 2884454
5368381 4368381
9205723 8205723
8508272 7508272
5792014 4792014
10494506 9494506
4168020 3168020
6016419 5016419
1333308 333308
1776461 776461
1748644 748644
6247526 5247526
4640713 3640713
7198978 6198978
1281482 281482
2471468 1471468
7673336 6673336
3162729 2162729
8280289 7280289
6508795 5508795
9955496 8955496
1497581 497581
2692326 1692326
4597383 3597383
4978530 3978530
8042226 7042226
6006167 5006167
2461421 1461421
6325522 5325522
6063386 5063386
5859830 4859830
8251273 7251273
2827091 1827091
6562484 5562484
5275116 4275116
6258676 5258676
2475747 1475747
5191107 4191107
4240395 3240395
8691229 7691229
5243958 4243958
4532902 3532902
8955756 7955756
7464962 6464962
3876262 2876262
8384105 7384105
3611703 2611703
8243084 7243084
7485511 6485511
3805991 2805991
8876481 7876481
9021701 8021701
7615449 6615449
8769689 7769689
4871888 3871888
8537655 7537655
3744599 2744599
4545600 3545600
5037306 4037306
4373538 3373538
10408492 9408492
8867499 7867499
9925803 8925803
5633881 4633881
1629445 629445
6922981 5922981
8037316 7037316
1252473 252473
8317889 7317889
3824383 2824383
7570785 6570785
10340679 9340679
2885765 1885765
7307573 6307573
8909491 7909491
9791589 8791589
3748589 2748589
6236480 5236480
8106124 7106124
4580145 3580145
5915741 4915741
8077624 7077624
10667898 9667898
10244923 9244923
9588725 8588725
10698915 9698915
3388682 2388682
2891232 1891232
1684131 684131
4786974 3786974
10292398 9292398
7513735 6513735
2093906 1093906
7904678 6904678
6573753 5573753
4555640 3555640
9413312 8413312
6352644 5352644
10726790 9726790
4352212 3352212
6952301 5952301
4775123 3775123
3861945 2861945
8787253 7787253
3494447 2494447
10656943 9656943
9159197 8159197
1570018 570018
7181027 6181027
10641916 9641916
3990573 2990573
5937327 4937327
10470589 9470589
1938640 938640
7317934 6317934
9637615 8637615
10358209 9358209
1449470 449470
1889529 889529
2741655 1741655
5725899 4725899
1012288 12288
9005015 8005015
7292401 6292401
9067592 8067592
4307840 3307840
7273092 6273092
1104633 104633
9037575 8037575
2544707 1544707
4473814 3473814
1294424 294424
1373354 373354
7061682 6061682
4475127 3475127
1699194 699194
8568374 7568374
6086855 5086855
2399566 1399566
3434190 2434190
8667594 7667594
10019728 9019728
5054973 4054973
8081178 7081178
3185645 2185645
5514275 4514275
8841603 7841603
9684088 8684088
5587712 4587712
8926367 7926367
10844032 9844032
5314544 4314544
1129298 129298
1083738 83738
4737561 3737561
8022963 7022963
3501906 2501906
8540460 7540460
7824626 6824626
2481266 1481266
1890143 890143
1360727 360727
5308504 4308504
8563033 7563033
1483836 483836
5143442 4143442
5727361 4727361
5123628 4123628
10710431 9710431
4206384 3206384
1880554 880554
4197244 3197244
1186024 186024
3994482 2994482
6136416 5136416
3237765 2237765
3338735 2338735
1177446 177446
1721243 721243
6638247 5638247
6734454 5734454
1537913 537913
9836932 8836932
4898560 3898560
10210494 9210494
6522528 5522528
4058648 3058648
10194594 9194594
5218357 4218357
4955935 3955935
4314596 3314596
4393462 3393462
1859788 859788
9829621 8829621
3503536 2503536
3567660 2567660
9174759 8174759
2270564 1270564
6294200 5294200
1678302 678302
5379566 4379566
7483936 6483936
2558741 1558741
6326592 5326592
3849217 2849217
6856724 5856724
9692219 8692219
1978118 978118
3893832 2893832
1124299 124299
1009819 9819
5287251 4287251
2384487 1384487
5408129 4408129
1098473 98473
1387096 387096
5620241 4620241
4868167 3868167
3251064 2251064
3745169 2745169
4910516 3910516
6402381 5402381
6225857 5225857
2125976 1125976
10171218 9171218
3058767 2058767
4095490 3095490
8620837 7620837
1835504 835504
1285407 285407
7688707 6688707
9431203 8431203
4130342 3130342
4125387 3125387
6895475 5895475
7002735 6002735
4233175 3233175
8201706 7201706
6204786 5204786
3132335 2132335
10450171 9450171
10700040 9700040
5320232 4320232
8959821 7959821
10052888 9052888
5977131 4977131
2654866 1654866
9222159 8222159
4496976 3496976
4670978 3670978
6668253 5668253
6436053 5436053
3881619 2881619
8039849 7039849
5153642 4153642
6378478 5378478
9465460 8465460
6021019 5021019
5039218 4039218
4318230 3318230
5912218 4912218
4166453 3166453
8649667 7649667
2824336 1824336
3343949 2343949
4168931 3168931
6658089 5658089
10954588 9954588
6541488 5541488
6873449 5873449
9774568 8774568
5212566 4212566
1536526 536526
