1010354
10485 485
25094 15094
66326 56326
34506 24506
89248 79248
104416 94416
55421 45421
50992 40992
90322 80322
76649 66649
25795 15795
59237 49237
68043 58043
106457 96457
52845 42845
77815 67815
34955 24955
29446 19446
59252 49252
73422 63422
71009 61009
98791 88791
35901 25901
59359 49359
91122 81122
55667 45667
91094 81094
41598 31598
48738 38738
92007 82007
98574 88574
30544 20544
75715 65715
95334 85334
88882 78882
92766 82766
41367 31367
103994 93994
69984 59984
69893 59893
83299 73299
72633 62633
59433 49433
97131 87131
25682 15682
15428 5428
100072 90072
86700 76700
107874 97874
40617 30617
10138 138
25874 15874
63856 53856
87720 77720
97145 87145
84419 74419
47995 37995
79794 69794
101529 91529
38196 28196
46199 36199
105997 95997
93277 83277
93116 83116
90097 80097
25908 15908
69719 59719
65539 55539
45242 35242
55707 45707
46107 36107
48569 38569
51122 41122
35537 25537
51070 41070
100931 90931
86098 76098
65726 55726
63600 53600
85487 75487
46645 36645
69772 59772
17267 7267
77513 67513
51972 41972
62081 52081
19895 9895
39943 29943
93213 83213
98058 88058
109748 99748
94303 84303
99487 89487
23764 13764
81923 71923
16536 6536
27029 17029
100724 90724
35674 25674
73789 63789
108540 98540
37479 27479
55554 45554
72142 62142
32467 22467
48339 38339
57046 47046
78641 68641
99710 89710
53196 43196
50553 40553
91494 81494
43191 33191
94066 84066
28724 18724
40824 30824
15730 5730
109208 99208
46988 36988
69711 59711
82090 72090
88800 78800
29340 19340
53314 43314
37549 27549
76289 66289
14196 4196
79401 69401
80865 70865
51466 41466
89678 79678
12689 2689
75570 65570
76833 66833
24936 14936
85225 75225
13722 3722
46244 36244
83651 73651
53849 43849
86123 76123
28113 18113
81431 71431
43379 33379
88508 78508
87361 77361
17585 7585
72065 62065
51853 41853
77486 67486
69642 59642
22686 12686
107992 97992
67286 57286
46725 36725
81889 71889
71286 61286
108024 98024
71812 61812
89491 79491
38859 28859
16891 6891
70663 60663
85090 75090
91088 81088
95181 85181
34179 24179
31214 21214
64187 54187
71017 61017
106619 96619
53472 43472
57261 47261
14418 4418
26846 16846
15419 5419
39192 29192
27356 17356
67261 57261
96682 86682
25514 15514
39306 29306
22886 12886
22201 12201
13530 3530
98385 88385
74849 64849
101952 91952
93294 83294
21500 11500
41799 31799
31194 21194
72391 62391
69737 59737
74330 64330
54324 44324
12298 2298
22992 12992
42790 32790
52224 42224
55275 45275
108260 98260
99826 89826
81097 71097
42072 32072
64210 54210
12866 2866
31649 21649
77951 67951
46919 36919
108748 98748
23063 13063
66685 56685
42958 32958
19956 9956
64804 54804
58564 48564
50518 40518
34183 24183
75428 65428
39400 29400
15537 5537
16721 6721
45346 35346
91207 81207
24153 14153
31323 21323
88971 78971
70611 60611
27662 17662
102116 92116
24197 14197
18109 8109
28091 18091
96795 86795
21529 11529
109343 99343
15126 5126
107862 97862
48747 38747
91685 81685
98469 88469
17010 7010
53770 43770
41881 31881
51934 41934
86984 76984
10723 723
99403 89403
101895 91895
88360 78360
27568 17568
15449 5449
26172 16172
43541 33541
66958 56958
106272 96272
94383 84383
102877 92877
43308 33308
63359 53359
44970 34970
62707 52707
103583 93583
54308 44308
76048 66048
77770 67770
30930 20930
43030 33030
17569 7569
96208 86208
35003 25003
25311 15311
77020 67020
12100 2100
21609 11609
73939 63939
105887 95887
18422 8422
56825 46825
102785 92785
89930 79930
25370 15370
24904 14904
83989 73989
10241 241
84969 74969
17379 7379
19143 9143
99376 89376
109972 99972
47962 37962
77028 67028
106889 96889
33061 23061
27443 17443
99638 89638
98216 88216
71348 61348
105338 95338
99347 89347
59160 49160
68066 58066
56406 46406
71391 61391
58159 48159
15638 5638
103031 93031
35295 25295
65204 55204
103826 93826
97420 87420
91196 81196
109153 99153
42449 32449
53425 43425
99855 89855
15331 5331
62143 52143
50565 40565
105487 95487
87838 77838
49140 39140
18009 8009
60564 50564
23918 13918
53615 43615
90533 80533
108135 98135
100232 90232
83564 73564
103957 93957
16360 6360
66591 56591
77793 67793
40576 30576
19163 9163
43746 33746
64859 54859
56377 46377
103760 93760
33858 23858
69711 59711
53086 43086
55662 45662
72434 62434
60159 50159
20558 10558
105660 95660
94279 84279
24268 14268
102840 92840
55948 45948
72735 62735
27315 17315
38574 28574
44676 34676
80126 70126
18341 8341
73912 63912
23689 13689
58739 48739
57894 47894
50821 40821
21706 11706
33625 23625
67490 57490
45917 35917
37478 27478
106201 96201
65671 55671
22993 12993
11932 1932
11149 1149
12899 2899
20052 10052
16237 6237
69759 59759
40187 30187
59267 49267
43472 33472
102256 92256
68772 58772
18783 8783
62098 52098
88117 78117
95906 85906
51516 41516
43911 33911
97180 87180
60635 50635
87025 77025
70225 60225
50380 40380
60823 50823
105712 95712
109164 99164
108266 98266
28343 18343
43216 33216
51732 41732
91448 81448
99502 89502
69541 59541
42740 32740
72664 62664
32576 22576
103954 93954
33612 23612
55726 45726
66902 56902
86772 76772
75454 65454
58531 48531
88411 78411
74943 64943
77973 67973
71750 61750
107703 97703
52327 42327
24850 14850
63917 53917
27077 17077
94005 84005
31220 21220
13113 3113
34802 24802
49913 39913
62403 52403
60791 50791
76181 66181
87998 77998
22010 12010
85859 75859
107525 97525
40345 30345
63919 53919
47431 37431
84668 74668
59675 49675
66527 56527
52833 42833
63462 53462
14438 4438
55291 45291
23523 13523
101605 91605
97916 87916
108457 98457
86420 76420
38405 28405
88115 78115
51417 41417
16660 6660
24279 14279
84261 74261
27685 17685
79772 69772
107596 97596
88388 78388
102307 92307
41764 31764
30224 20224
68843 58843
13322 3322
58206 48206
75840 65840
87407 77407
46975 36975
40639 30639
71401 61401
60852 50852
84091 74091
32542 22542
55327 45327
16060 6060
90330 80330
36757 26757
24182 14182
33082 23082
89603 79603
101637 91637
61793 51793
33093 23093
85615 75615
70614 60614
73733 63733
80136 70136
23864 13864
40187 30187
69016 59016
34102 24102
24863 14863
69972 59972
56987 46987
79163 69163
85306 75306
67501 57501
98034 88034
10477 477
106840 96840
103492 93492
16700 6700
81121 71121
54706 44706
63080 53080
104787 94787
78138 68138
89105 79105
77660 67660
60834 50834
71229 61229
95798 85798
44827 34827
93310 83310
32448 22448
61609 51609
98230 88230
90690 80690
88832 78832
78561 68561
26489 16489
89579 79579
61586 51586
50060 40060
61291 51291
17388 7388
19665 9665
41309 31309
76660 66660
71407 61407
103702 93702
73200 63200
12153 2153
62313 52313
17606 7606
38970 28970
33123 23123
91033 81033
41253 31253
32273 22273
79709 69709
105277 95277
25832 15832
58997 48997
82108 72108
69040 59040
70888 60888
15227 5227
11481 1481
101860 91860
71283 61283
105940 95940
28858 18858
55608 45608
104284 94284
44990 34990
105711 95711
13590 3590
36850 26850
76806 66806
101239 91239
107052 97052
68943 58943
71801 61801
32195 22195
49764 39764
77095 67095
44710 34710
11410 1410
108386 98386
41664 31664
12593 2593
103900 93900
89050 79050
70112 60112
25494 15494
33963 23963
42156 32156
78754 68754
106936 96936
107458 97458
39965 29965
10019 19
102086 92086
16225 6225
60723 50723
108569 98569
54184 44184
16097 6097
69868 59868
92194 82194
107340 97340
45754 35754
104412 94412
64602 54602
64487 54487
21061 11061
70209 60209
22695 12695
102346 92346
80347 70347
13860 3860
76719 66719
98307 88307
51100 41100
10095 95
41097 31097
95821 85821
36843 26843
83941 73941
13745 3745
12821 2821
83286 73286
91587 81587
57492 47492
28201 18201
20116 10116
15665 5665
31531 21531
42527 32527
92424 82424
47812 37812
69253 59253
79424 69424
91426 81426
21459 11459
88413 78413
19343 9343
66980 56980
54836 44836
81291 71291
100506 90506
72833 62833
60179 50179
70486 60486
81916 71916
79009 69009
24430 14430
101575 91575
67596 57596
57922 47922
65808 55808
109145 99145
27269 17269
99897 89897
105512 95512
83404 73404
77811 67811
90742 80742
83685 73685
40728 30728
92567 82567
43269 33269
13776 3776
95103 85103
40855 30855
89745 79745
47718 37718
63035 53035
106853 96853
67779 57779
62097 52097
46071 36071
11146 1146
83080 73080
39746 29746
46842 36842
36015 26015
78128 68128
33965 23965
70941 60941
61512 51512
70227 60227
80480 70480
36030 26030
100958 90958
11342 1342
21665 11665
22605 12605
35191 25191
83531 73531
44964 34964
63364 53364
12515 2515
35359 25359
69606 59606
46867 36867
46822 36822
23820 13820
34536 24536
88313 78313
89693 79693
95207 85207
91019 81019
88911 78911
40335 30335
64308 54308
36101 26101
86430 76430
19922 9922
68685 58685
39294 29294
46641 36641
33910 23910
50113 40113
62410 52410
79141 69141
23250 13250
97690 87690
60546 50546
32700 22700
46729 36729
101559 91559
108609 98609
86481 76481
69720 59720
20503 10503
73976 63976
41766 31766
41759 31759
90007 80007
62798 52798
81882 71882
24074 14074
31859 21859
58648 48648
84182 74182
50299 40299
100425 90425
100785 90785
105542 95542
29846 19846
54683 44683
70390 60390
10853 853
37897 27897
65938 55938
96416 86416
43089 33089
90837 80837
10624 624
33247 23247
25181 15181
87293 77293
82878 72878
68144 58144
100933 90933
32938 22938
90580 80580
41467 31467
12252 2252
91480 81480
49207 39207
38955 28955
82658 72658
105665 95665
59020 49020
18026 8026
27954 17954
94564 84564
46347 36347
19449 9449
20759 10759
47026 37026
84446 74446
100521 90521
46014 36014
89301 79301
23657 13657
107321 97321
108710 98710
51613 41613
38980 28980
77388 67388
35188 25188
55879 45879
45636 35636
69990 59990
71203 61203
38188 28188
73432 63432
64963 54963
79129 69129
94820 84820
67630 57630
37300 27300
95509 85509
108822 98822
37237 27237
91255 81255
50373 40373
53277 43277
27838 17838
107153 97153
37395 27395
29400 19400
33692 23692
85227 75227
99103 89103
97518 87518
38218 28218
21447 11447
81384 71384
20315 10315
37931 27931
82813 72813
99396 89396
15324 5324
45389 35389
96502 86502
10640 640
65299 55299
93287 83287
15780 5780
95297 85297
76376 66376
86977 76977
43516 33516
31512 21512
101212 91212
103219 93219
61329 51329
21555 11555
50810 40810
75398 65398
105486 95486
36289 26289
19485 9485
27798 17798
86416 76416
107598 97598
82952 72952
109049 99049
12894 2894
60572 50572
20358 10358
12697 2697
74021 64021
90770 80770
77647 67647
53725 43725
89044 79044
82542 72542
21683 11683
70214 60214
85361 75361
52887 42887
107814 97814
57045 47045
26231 16231
22094 12094
92008 82008
90282 80282
77165 67165
38082 28082
24496 14496
101319 91319
61699 51699
102626 92626
44852 34852
72146 62146
72459 62459
90541 80541
28535 18535
106874 96874
83314 73314
66725 56725
60944 50944
45777 35777
33306 23306
59554 49554
33459 23459
69208 59208
107637 97637
26787 16787
20447 10447
85976 75976
37408 27408
62912 52912
63107 53107
30444 20444
107962 97962
47003 37003
31565 21565
34301 24301
17407 7407
50164 40164
71857 61857
94437 84437
93317 83317
38652 28652
102098 92098
19764 9764
68818 58818
83041 73041
99600 89600
62737 52737
79288 69288
71176 61176
25902 15902
66136 56136
31567 21567
31128 21128
96190 86190
31394 21394
28749 18749
41235 31235
12908 2908
87042 77042
34276 24276
61824 51824
67748 57748
48684 38684
49592 39592
66979 56979
99393 89393
19568 9568
18363 8363
20367 10367
18163 8163
58052 48052
30983 20983
14642 4642
15179 5179
14335 4335
101016 91016
54126 44126
81478 71478
72130 62130
92259 82259
52583 42583
46868 36868
58129 48129
14295 4295
93752 83752
86596 76596
67167 57167
45071 35071
57856 47856
84622 74622
37640 27640
22864 12864
59770 49770
63644 53644
61431 51431
16005 6005
21195 11195
25365 15365
77448 67448
93429 83429
55701 45701
97064 87064
30952 20952
17854 7854
23880 13880
62770 52770
54168 44168
39088 29088
17079 7079
18157 8157
62961 52961
63368 53368
54472 44472
106421 96421
65217 55217
31719 21719
28709 18709
101271 91271
40147 30147
88975 78975
57296 47296
105816 95816
60909 50909
63962 53962
15764 5764
53535 43535
35251 25251
24438 14438
65878 55878
13696 3696
55753 45753
34881 24881
38570 28570
33318 23318
35253 25253
18045 8045
57666 47666
29052 19052
96931 86931
32496 22496
90433 80433
52313 42313
47810 37810
38138 28138
85678 75678
107334 97334
66123 56123
103988 93988
10212 212
70508 60508
16066 6066
88770 78770
27206 17206
10751 751
13750 3750
53780 43780
18064 8064
77441 67441
46466 36466
70207 60207
39337 29337
38516 28516
75510 65510
70674 60674
63796 53796
69408 59408
60175 50175
48920 38920
82437 72437
72573 62573
19938 9938
66634 56634
16848 6848
102878 92878
25561 15561
54990 44990
74718 64718
20826 10826
92948 82948
99696 89696
98649 88649
83800 73800
47569 37569
52411 42411
42663 32663
82422 72422
80582 70582
70707 60707
29843 19843
101334 91334
96202 86202
87986 77986
53702 43702
87494 77494
78579 68579
89150 79150
92725 82725
83562 73562
19803 9803
73380 63380
24340 14340
85832 75832
72156 62156
56979 46979
101832 91832
87376 77376
12602 2602
107511 97511
14234 4234
37414 27414
94688 84688
82160 72160
38184 28184
71982 61982
74978 64978
80238 70238
39413 29413
33490 23490
53633 43633
97899 87899
103585 93585
103251 93251
58606 48606
39526 29526
14963 4963
29897 19897
73350 63350
86039 76039
44242 34242
29657 19657
28539 18539
30452 20452
86739 76739
107538 97538
45267 35267
64831 54831
41165 31165
87460 77460
27177 17177
102185 92185
75720 65720
43934 33934
18802 8802
34440 24440
98644 88644
71490 61490
81082 71082
105168 95168
43798 33798
56071 46071
81197 71197
72977 62977
26173 16173
24458 14458
104081 94081
104204 94204
33235 23235
30803 20803
24112 14112
61139 51139
21103 11103
70399 60399
105268 95268
11420 1420
107879 97879
90991 80991
105643 95643
52578 42578
19106 9106
40972 30972
34122 24122
57177 47177
34444 24444
21398 11398
109262 99262
70348 60348
50691 40691
63496 53496
59997 49997
100276 90276
46446 36446
38825 28825
84171 74171
62614 52614
85549 75549
67121 57121
68281 58281
28730 18730
63211 53211
24341 14341
73112 63112
37284 27284
91408 81408
99698 89698
58730 48730
56017 46017
53363 43363
90546 80546
78089 68089
58672 48672
62605 52605
58974 48974
11938 1938
63866 53866
28168 18168
85377 75377
71705 61705
40559 30559
89047 79047
64340 54340
56400 46400
24527 14527
45215 35215
32779 22779
26114 16114
27761 17761
68051 58051
71483 61483
99881 89881
45092 35092
67549 57549
100390 90390
71679 61679
63583 53583
34328 24328
74661 64661
85250 75250
12391 2391
14203 4203
24336 14336
90481 80481
97661 87661
80752 70752
22125 12125
94707 84707
73089 63089
26082 16082
96275 86275
55063 45063
108359 98359
72660 62660
85178 75178
88021 78021
37780 27780
70287 60287
19042 9042
35219 25219
54005 44005
24500 14500
92380 82380
86820 76820
67772 57772
94095 84095
13816 3816
44044 34044
90009 80009
44748 34748
69484 59484
47678 37678
82545 72545
74276 64276
18589 8589
37478 27478
76157 66157
47663 37663
81901 71901
54594 44594
27777 17777
49757 39757
63074 53074
83947 73947
102247 92247
76448 66448
63055 53055
87570 77570
39479 29479
109313 99313
10785 785
26981 16981
15958 5958
19795 9795
20680 10680
57552 47552
106393 96393
92389 82389
10944 944
109280 99280
42596 32596
34864 24864
22619 12619
17636 7636
80611 70611
30512 20512
11852 1852
86892 76892
21283 11283
83184 73184
61299 51299
40947 30947
34766 24766
71614 61614
33312 23312
105625 95625
21826 11826
29149 19149
46726 36726
42377 32377
74733 64733
96474 86474
67805 57805
97018 87018
108679 98679
16662 6662
20403 10403
66416 56416
73964 63964
44001 34001
60337 50337
70530 60530
55541 45541
43752 33752
89478 79478
48022 38022
80369 70369
18981 8981
60946 50946
88777 78777
106821 96821
27957 17957
74833 64833
27275 17275
35837 25837
12584 2584
27490 17490
40582 30582
57037 47037
79121 69121
64594 54594
89951 79951
13129 3129
72668 62668
69258 59258
100118 90118
33246 23246
108319 98319
45362 35362
33896 23896
79755 69755
48521 38521
33504 23504
96948 86948
51071 41071
60248 50248
70177 60177
92474 82474
88176 78176
77351 67351
84803 74803
29054 19054
57237 47237
69155 59155
31677 21677
67660 57660
16033 6033
51871 41871
25115 15115
78486 68486
89597 79597
95294 85294
85769 75769
58425 48425
29536 19536
71245 61245
76956 66956
28382 18382
27341 17341
56371 46371
104184 94184
103708 93708
32234 22234
92544 82544
73569 63569
52794 42794
76216 66216
88387 78387
97537 87537
38738 28738
56084 46084
58520 48520
13810 3810
51281 41281
67657 57657
89502 79502
109033 99033
88091 78091
62159 52159
70503 60503
11520 1520
46924 36924
109668 99668
47016 37016
12287 2287
83033 73033
92229 82229
11344 1344
42374 32374
79349 69349
86474 76474
55606 45606
35672 25672
74896 64896
93915 83915
19595 9595
97511 87511
88441 78441
91123 81123
77102 67102
92569 82569
38052 28052
73199 63199
102654 92654
93396 83396
104710 94710
101715 91715
103434 93434
74059 64059
109245 99245
107610 97610
56036 46036
10917 917
23661 13661
83927 73927
35413 25413
95270 85270
31013 21013
51117 41117
51370 41370
71516 61516
70400 60400
30215 20215
73195 63195
38216 28216
46984 36984
97237 87237
70476 60476
104615 94615
62164 52164
10499 499
21405 11405
20477 10477
66674 56674
60760 50760
91196 81196
40285 30285
80608 70608
38056 28056
32907 22907
26966 16966
20532 10532
45622 35622
41051 31051
80221 70221
70716 60716
33194 23194
36327 26327
35091 25091
18880 8880
82347 72347
11710 1710
15252 5252
63267 53267
24473 14473
49400 39400
87516 77516
58376 48376
61385 51385
73609 63609
98357 88357
38320 28320
12958 2958
66196 56196
77665 67665
81538 71538
61792 51792
42935 32935
24064 14064
38404 28404
27420 17420
52100 42100
92671 82671
49126 39126
26968 16968
51855 41855
70877 60877
32094 22094
16177 6177
45731 35731
54523 44523
58253 48253
53139 43139
45008 35008
101152 91152
47393 37393
99732 89732
52543 42543
10246 246
23348 13348
35565 25565
69318 59318
32740 22740
85489 75489
90902 80902
96022 86022
61017 51017
58998 48998
70973 60973
92049 82049
81298 71298
87381 77381
16611 6611
90010 80010
99032 89032
49429 39429
77011 67011
109221 99221
53337 43337
84150 74150
39136 29136
36717 26717
55889 45889
108530 98530
106522 96522
59332 49332
90805 80805
18942 8942
58028 48028
66565 56565
47931 37931
91216 81216
28757 18757
57061 47061
57609 47609
98170 88170
64544 54544
92872 82872
22905 12905
78644 68644
22595 12595
108208 98208
22246 12246
94680 84680
32113 22113
83697 73697
89175 79175
85639 75639
48156 38156
55679 45679
42244 32244
65961 55961
67883 57883
84361 74361
100265 90265
90802 80802
100883 90883
103359 93359
31462 21462
87839 77839
10485 485
12718 2718
40272 30272
73280 63280
33204 23204
38252 28252
100984 90984
71280 61280
87409 77409
49102 39102
37398 27398
55615 45615
87909 77909
82296 72296
88370 78370
10481 481
97882 87882
74956 64956
51214 41214
71230 61230
89766 79766
100259 90259
66035 56035
96922 86922
20421 10421
87706 77706
105271 95271
92272 82272
20370 10370
37156 27156
43848 33848
56552 46552
18050 8050
87485 77485
65976 55976
26536 16536
14270 4270
31070 21070
37796 27796
30902 20902
15963 5963
97452 87452
21379 11379
67035 57035
95991 85991
35947 25947
100551 90551
21378 11378
10897 897
23057 13057
100307 90307
32352 22352
104421 94421
91669 81669
90074 80074
90702 80702
76388 66388
23141 13141
48559 38559
17458 7458
19980 9980
101463 91463
93615 83615
101756 91756
64681 54681
52887 42887
72231 62231
52332 42332
63207 53207
86528 76528
42818 32818
48656 38656
105331 95331
45254 35254
64979 54979
79787 69787
78445 68445
100495 90495
76348 66348
108370 98370
103724 93724
59010 49010
45401 35401
77200 67200
21646 11646
74327 64327
98668 88668
91017 81017
65242 55242
31374 21374
55302 45302
109755 99755
79861 69861
37980 27980
78830 68830
89376 79376
50077 40077
43008 33008
43441 33441
70032 60032
83589 73589
105460 95460
29990 19990
48804 38804
18189 8189
93023 83023
67868 57868
86869 76869
75996 65996
15943 5943
103363 93363
43715 33715
30237 20237
10628 628
106420 96420
93073 83073
92565 82565
89199 79199
65214 55214
49038 39038
42333 32333
101209 91209
107726 97726
105327 95327
74175 64175
89912 79912
52058 42058
59799 49799
96625 86625
37372 27372
73066 63066
21976 11976
104169 94169
73120 63120
61475 51475
31667 21667
74204 64204
108188 98188
103090 93090
96028 86028
81496 71496
15704 5704
98001 88001
10649 649
36474 26474
30746 20746
83449 73449
94697 84697
98252 88252
75712 65712
79332 69332
28289 18289
56287 46287
19625 9625
24189 14189
91953 81953
81889 71889
104462 94462
93063 83063
99302 89302
12378 2378
36079 26079
11206 1206
88041 78041
61897 51897
14823 4823
41230 31230
87908 77908
67382 57382
97665 87665
17575 7575
76036 66036
63060 53060
69732 59732
89529 79529
14809 4809
107477 97477
49066 39066
27290 17290
71291 61291
50089 40089
16591 6591
14961 4961
16583 6583
73461 63461
53252 43252
25702 15702
45479 35479
99532 89532
66530 56530
28680 18680
94224 84224
99053 89053
101788 91788
31642 21642
62309 52309
95000 85000
16366 6366
12891 2891
47352 37352
103822 93822
88402 78402
11152 1152
22545 12545
56324 46324
24113 14113
87633 77633
32967 22967
99267 89267
94454 84454
78381 68381
15723 5723
18272 8272
102014 92014
104506 94506
78020 68020
26419 16419
43308 33308
86461 76461
58644 48644
57526 47526
50713 40713
108978 98978
91482 81482
81468 71468
83336 73336
72729 62729
90289 80289
18795 8795
65496 55496
107581 97581
102326 92326
107383 97383
88530 78530
52226 42226
16167 6167
71421 61421
35522 25522
73386 63386
69830 59830
61273 51273
37091 27091
72484 62484
85116 75116
68676 58676
85747 75747
101107 91107
50395 40395
101229 91229
53958 43958
42902 32902
65756 55756
74962 64962
86262 76262
94105 84105
21703 11703
53084 43084
95511 85511
15991 5991
86481 76481
31701 21701
25449 15449
79689 69689
81888 71888
47655 37655
54599 44599
55600 45600
47306 37306
83538 73538
18492 8492
77499 67499
35803 25803
43881 33881
39445 29445
32981 22981
47316 37316
62473 52473
27889 17889
34383 24383
80785 70785
50679 40679
95765 85765
17573 7573
19491 9491
101589 91589
58589 48589
46480 36480
16124 6124
90145 80145
25741 15741
87624 77624
77898 67898
54923 44923
98725 88725
108915 98915
98682 88682
101232 91232
94131 84131
96974 86974
102398 92398
23735 13735
103906 93906
14678 4678
83753 73753
65640 55640
23312 13312
62644 52644
36790 26790
62212 52212
62301 52301
85123 75123
71945 61945
97253 87253
104447 94447
66943 56943
69197 59197
80018 70018
91027 81027
51916 41916
100573 90573
47327 37327
80589 70589
48640 38640
27934 17934
47615 37615
68209 58209
59470 49470
99529 89529
51655 41655
35899 25899
22288 12288
15015 5015
102401 92401
77592 67592
17840 7840
83092 73092
14633 4633
47575 37575
54707 44707
83814 73814
104424 94424
83354 73354
71682 61682
85127 75127
109194 99194
78374 68374
96855 86855
109566 99566
44190 34190
77594 67594
29728 19728
64973 54973
91178 81178
95645 85645
24275 14275
51603 41603
94088 84088
97712 87712
36367 26367
54032 44032
24544 14544
39298 29298
93738 83738
47561 37561
32963 22963
11906 1906
50460 40460
34626 24626
91266 81266
100143 90143
70727 60727
18504 8504
73033 63033
93836 83836
53442 43442
37361 27361
33628 23628
20431 10431
16384 6384
90554 80554
107244 97244
96024 86024
104482 94482
46416 36416
47765 37765
48735 38735
87446 77446
31243 21243
48247 38247
44454 34454
47913 37913
46932 36932
108560 98560
20494 10494
32528 22528
68648 58648
104594 94594
28357 18357
65935 55935
24596 14596
103462 93462
69788 59788
39621 29621
13536 3536
77660 67660
84759 74759
80564 70564
104200 94200
88302 78302
89566 79566
93936 83936
68741 58741
36592 26592
59217 49217
66724 56724
102219 92219
88118 78118
103832 93832
34299 24299
19819 9819
97251 87251
94487 84487
18129 8129
108473 98473
97096 87096
30241 20241
78167 68167
61064 51064
55169 45169
20516 10516
12381 2381
35857 25857
35976 25976
81218 71218
68767 58767
105490 95490
30837 20837
45504 35504
95407 85407
98707 88707
41203 31203
40342 30342
35387 25387
105475 95475
12735 2735
43175 33175
11706 1706
14786 4786
42335 32335
60171 50171
10040 40
30232 20232
69821 59821
62888 52888
87131 77131
64866 54866
32159 22159
106976 96976
80978 70978
78253 68253
46053 36053
91619 81619
49849 39849
63642 53642
88478 78478
75460 65460
31019 21019
49218 39218
28230 18230
22218 12218
76453 66453
59667 49667
34336 24336
53949 43949
78931 68931
68089 58089
64588 54588
51488 41488
83449 73449
84568 74568
22566 12566
46526 36526
