9926195
500485 400485
115094 15094
856326 756326
624506 524506
479248 379248
894416 794416
945421 845421
1040992 940992
780322 680322
666649 566649
315795 215795
349237 249237
758043 658043
896457 796457
1042845 942845
867815 767815
624955 524955
219446 119446
1049252 949252
763422 663422
961009 861009
988791 888791
225901 125901
249359 149359
981122 881122
945667 845667
681094 581094
431598 331598
838738 738738
382007 282007
588574 488574
1020544 920544
965715 865715
985334 885334
378882 278882
682766 582766
831367 731367
693994 593994
759984 659984
859893 759893
173299 73299
862633 762633
649433 549433
1087131 987131
515682 415682
805428 705428
990072 890072
576700 476700
897874 797874
630617 530617
600138 500138
315874 215874
353856 253856
377720 277720
487145 387145
1074419 974419
137995 37995
269794 169794
291529 191529
428196 328196
136199 36199
195997 95997
683277 583277
383116 283116
680097 580097
315908 215908
259719 159719
355539 255539
1035242 935242
245707 145707
836107 736107
738569 638569
141122 41122
925537 825537
241070 141070
190931 90931
576098 476098
1055726 955726
853600 753600
575487 475487
336645 236645
859772 759772
607267 507267
867513 767513
241972 141972
252081 152081
1009895 909895
529943 429943
783213 683213
288058 188058
799748 699748
284303 184303
789487 689487
1013764 913764
571923 471923
1006536 906536
917029 817029
290724 190724
525674 425674
163789 63789
298540 198540
427479 327479
245554 145554
762142 662142
622467 522467
738339 638339
347046 247046
1068641 968641
389710 289710
543196 443196
640553 540553
381494 281494
333191 233191
384066 284066
718724 618724
1030824 930824
705730 605730
1099208 999208
636988 536988
659711 559711
1072090 972090
378800 278800
1019340 919340
443314 343314
527549 427549
166289 66289
104196 4196
169401 69401
870865 770865
641466 541466
879678 779678
402689 302689
765570 665570
766833 666833
914936 814936
575225 475225
303722 203722
836244 736244
173651 73651
843849 743849
276123 176123
118113 18113
971431 871431
1033379 933379
578508 478508
577361 477361
507585 407585
662065 562065
541853 441853
267486 167486
259642 159642
712686 612686
497992 397992
957286 857286
636725 536725
871889 771889
661286 561286
898024 798024
261812 161812
779491 679491
528859 428859
406891 306891
960663 860663
375090 275090
381088 281088
285181 185181
824179 724179
1021214 921214
654187 554187
861017 761017
996619 896619
243472 143472
347261 247261
904418 804418
116846 16846
505419 405419
1029192 929192
617356 517356
1057261 957261
286682 186682
115514 15514
129306 29306
112886 12886
212201 112201
303530 203530
488385 388385
1064849 964849
291952 191952
283294 183294
611500 511500
831799 731799
821194 721194
262391 162391
259737 159737
464330 364330
444324 344324
202298 102298
512992 412992
732790 632790
142224 42224
145275 45275
698260 598260
1089826 989826
871097 771097
932072 832072
454210 354210
902866 802866
721649 621649
267951 167951
536919 436919
598748 498748
313063 213063
956685 856685
932958 832958
109956 9956
354804 254804
848564 748564
340518 240518
624183 524183
865428 765428
1029400 929400
105537 5537
106721 6721
535346 435346
781207 681207
914153 814153
121323 21323
778971 678971
260611 160611
417662 317662
692116 592116
314197 214197
108109 8109
418091 318091
786795 686795
411529 311529
499343 399343
505126 405126
997862 897862
238747 138747
581685 481685
488469 388469
1007010 907010
743770 643770
1031881 931881
241934 141934
676984 576984
800723 700723
389403 289403
1091895 991895
178360 78360
517568 417568
405449 305449
516172 416172
1033541 933541
556958 456958
996272 896272
584383 484383
692877 592877
433308 333308
453359 353359
534970 434970
1052707 952707
193583 93583
644308 544308
866048 766048
867770 767770
220930 120930
533030 433030
507569 407569
486208 386208
725003 625003
1015311 915311
767020 667020
702100 602100
511609 411609
563939 463939
1095887 995887
208422 108422
146825 46825
592785 492785
579930 479930
515370 415370
614904 514904
773989 673989
800241 700241
774969 674969
1007379 907379
409143 309143
589376 489376
699972 599972
537962 437962
567028 467028
496889 396889
323061 223061
217443 117443
789638 689638
188216 88216
661348 561348
495338 395338
389347 289347
1049160 949160
758066 658066
846406 746406
561391 461391
948159 848159
605638 505638
993031 893031
625295 525295
955204 855204
793826 693826
987420 887420
781196 681196
599153 499153
732449 632449
543425 443425
389855 289855
405331 305331
752143 652143
740565 640565
795487 695487
877838 777838
1039140 939140
408009 308009
650564 550564
213918 113918
843615 743615
980533 880533
698135 598135
490232 390232
373564 273564
693957 593957
106360 6360
656591 556591
267793 167793
530576 430576
809163 709163
333746 233746
854859 754859
146377 46377
893760 793760
523858 423858
859711 759711
1043086 943086
945662 845662
662434 562434
850159 750159
510558 410558
1095660 995660
384279 284279
714268 614268
1092840 992840
545948 445948
862735 762735
717315 617315
728574 628574
134676 34676
970126 870126
508341 408341
263912 163912
1013689 913689
848739 748739
647894 547894
540821 440821
711706 611706
723625 623625
157490 57490
735917 635917
827478 727478
996201 896201
1055671 955671
212993 112993
501932 401932
101149 1149
402899 302899
910052 810052
1006237 906237
959759 859759
430187 330187
149267 49267
1033472 933472
892256 792256
158772 58772
1008783 908783
752098 652098
1078117 978117
185906 85906
141516 41516
333911 233911
787180 687180
850635 750635
777025 677025
360225 260225
940380 840380
450823 350823
895712 795712
999164 899164
398266 298266
618343 518343
533216 433216
441732 341732
581448 481448
489502 389502
559541 459541
532740 432740
262664 162664
622576 522576
393954 293954
323612 223612
445726 345726
356902 256902
476772 376772
565454 465454
448531 348531
778411 678411
964943 864943
367973 267973
661750 561750
597703 497703
942327 842327
1014850 914850
1053917 953917
817077 717077
584005 484005
921220 821220
703113 603113
1024802 924802
1039913 939913
352403 252403
850791 750791
666181 566181
1077998 977998
712010 612010
775859 675859
597525 497525
730345 630345
353919 253919
1037431 937431
274668 174668
849675 749675
556527 456527
542833 442833
753462 653462
204438 104438
145291 45291
613523 513523
291605 191605
687916 587916
698457 598457
176420 76420
728405 628405
178115 78115
641417 541417
1006660 906660
814279 714279
374261 274261
817685 717685
869772 769772
297596 197596
478388 378388
292307 192307
631764 531764
720224 620224
1058843 958843
903322 803322
1048206 948206
1065840 965840
477407 377407
336975 236975
930639 830639
261401 161401
850852 750852
574091 474091
522542 422542
545327 445327
206060 106060
980330 880330
626757 526757
914182 814182
1023082 923082
479603 379603
191637 91637
951793 851793
823093 723093
875615 775615
860614 760614
763733 663733
770136 670136
313864 213864
730187 630187
359016 259016
124102 24102
914863 814863
959972 859972
1046987 946987
1069163 969163
1075306 975306
957501 857501
188034 88034
1000477 900477
996840 896840
893492 793492
106700 6700
571121 471121
844706 744706
953080 853080
994787 894787
468138 368138
579105 479105
1067660 967660
1050834 950834
761229 661229
285798 185798
334827 234827
683310 583310
322448 222448
951609 851609
988230 888230
880690 780690
478832 378832
468561 368561
216489 116489
779579 679579
351586 251586
340060 240060
551291 451291
1007388 907388
709665 609665
131309 31309
866660 766660
861407 761407
393702 293702
163200 63200
302153 202153
1052313 952313
207606 107606
428970 328970
923123 823123
981033 881033
231253 131253
122273 22273
869709 769709
595277 495277
615832 515832
848997 748997
972108 872108
459040 359040
860888 760888
305227 205227
101481 1481
591860 491860
161283 61283
195940 95940
118858 18858
545608 445608
694284 594284
534990 434990
795711 695711
103590 3590
326850 226850
166806 66806
1091239 991239
697052 597052
458943 358943
761801 661801
622195 522195
1039764 939764
567095 467095
834710 734710
201410 101410
898386 798386
1031664 931664
202593 102593
193900 93900
679050 579050
1060112 960112
515494 415494
423963 323963
1032156 932156
868754 768754
396936 296936
997458 897458
529965 429965
400019 300019
1092086 992086
206225 106225
450723 350723
698569 598569
344184 244184
606097 506097
959868 859868
482194 382194
597340 497340
1035754 935754
894412 794412
954602 854602
954487 854487
311061 211061
960209 860209
112695 12695
992346 892346
270347 170347
103860 3860
966719 866719
388307 288307
1041100 941100
800095 700095
831097 731097
385821 285821
326843 226843
973941 873941
703745 603745
502821 402821
373286 273286
281587 181587
547492 447492
318201 218201
510116 410116
1005665 905665
421531 321531
632527 532527
582424 482424
1037812 937812
959253 859253
1069424 969424
281426 181426
811459 711459
178413 78413
209343 109343
856980 756980
1044836 944836
271291 171291
190506 90506
262833 162833
950179 850179
860486 760486
671916 571916
469009 369009
1014430 914430
391575 291575
657596 557596
947922 847922
455808 355808
799145 699145
117269 17269
589897 489897
695512 595512
673404 573404
667811 567811
480742 380742
673685 573685
830728 730728
282567 182567
233269 133269
703776 603776
985103 885103
830855 730855
1079745 979745
1037718 937718
953035 853035
696853 596853
957779 857779
752097 652097
136071 36071
1001146 901146
773080 673080
629746 529746
136842 36842
226015 126015
868128 768128
1023965 923965
960941 860941
651512 551512
260227 160227
470480 370480
726030 626030
290958 190958
701342 601342
911665 811665
712605 612605
625191 525191
273531 173531
434964 334964
553364 453364
402515 302515
225359 125359
259606 159606
636867 536867
236822 136822
313820 213820
424536 324536
978313 878313
779693 679693
385207 285207
181019 81019
978911 878911
230335 130335
1054308 954308
826101 726101
1076430 976430
109922 9922
358685 258685
229294 129294
536641 436641
523910 423910
840113 740113
652410 552410
369141 269141
613250 513250
687690 587690
950546 850546
522700 422700
836729 736729
391559 291559
898609 798609
1076481 976481
159720 59720
1010503 910503
1063976 963976
331766 231766
231759 131759
480007 380007
552798 452798
971882 871882
214074 114074
1021859 921859
948648 848648
674182 574182
440299 340299
1090425 990425
790785 690785
395542 295542
119846 19846
344683 244683
260390 160390
1000853 900853
727897 627897
655938 555938
1086416 986416
533089 433089
580837 480837
600624 500624
1023247 923247
815181 715181
377293 277293
1072878 972878
358144 258144
590933 490933
922938 822938
480580 380580
231467 131467
502252 402252
581480 481480
1039207 939207
928955 828955
372658 272658
895665 795665
649020 549020
208026 108026
317954 217954
784564 684564
636347 536347
809449 709449
110759 10759
237026 137026
574446 474446
890521 790521
636014 536014
579301 479301
613657 513657
297321 197321
498710 398710
741613 641613
428980 328980
467388 367388
225188 125188
945879 845879
935636 835636
459990 359990
861203 761203
128188 28188
163432 63432
454963 354963
969129 869129
884820 784820
657630 557630
527300 427300
185509 85509
898822 798822
227237 127237
581255 481255
340373 240373
643277 543277
517838 417838
897153 797153
627395 527395
219400 119400
423692 323692
1075227 975227
889103 789103
1087518 987518
928218 828218
711447 611447
271384 171384
610315 510315
327931 227931
272813 172813
189396 89396
405324 305324
335389 235389
586502 486502
1000640 900640
355299 255299
283287 183287
405780 305780
885297 785297
466376 366376
176977 76977
733516 633516
421512 321512
191212 91212
993219 893219
651329 551329
911555 811555
440810 340810
965398 865398
595486 495486
826289 726289
209485 109485
717798 617798
276416 176416
897598 797598
472952 372952
899049 799049
102894 2894
550572 450572
810358 710358
502697 402697
364021 264021
380770 280770
767647 667647
143725 43725
179044 79044
272542 172542
611683 511683
460214 360214
675361 575361
442887 342887
597814 497814
147045 47045
216231 116231
712094 612094
282008 182008
180282 80282
467165 367165
128082 28082
714496 614496
691319 591319
351699 251699
792626 692626
1034852 934852
162146 62146
362459 262459
780541 680541
818535 718535
896874 796874
773314 673314
456725 356725
150944 50944
135777 35777
923306 823306
1049554 949554
523459 423459
559208 459208
997637 897637
116787 16787
310447 210447
175976 75976
327408 227408
1052912 952912
953107 853107
120444 20444
297962 197962
937003 837003
421565 321565
424301 324301
607407 507407
140164 40164
561857 461857
484437 384437
483317 383317
928652 828652
492098 392098
409764 309764
858818 758818
273041 173041
989600 889600
852737 752737
1069288 969288
561176 461176
315902 215902
256136 156136
921567 821567
921128 821128
286190 186190
921394 821394
418749 318749
431235 331235
102908 2908
977042 877042
1024276 924276
451824 351824
457748 357748
738684 638684
639592 539592
156979 56979
989393 889393
309568 209568
708363 608363
510367 410367
208163 108163
548052 448052
920983 820983
904642 804642
905179 805179
704335 604335
291016 191016
544126 444126
171478 71478
762130 662130
182259 82259
542583 442583
1036868 936868
848129 748129
304295 204295
483752 383752
976596 876596
557167 457167
735071 635071
947856 847856
274622 174622
927640 827640
312864 212864
149770 49770
953644 853644
351431 251431
1006005 906005
1011195 911195
1015365 915365
567448 467448
583429 483429
545701 445701
887064 787064
420952 320952
307854 207854
313880 213880
1052770 952770
644168 544168
329088 229088
907079 807079
708157 608157
952961 852961
253368 153368
244472 144472
296421 196421
255217 155217
221719 121719
218709 118709
191271 91271
630147 530147
878975 778975
347296 247296
995816 895816
250909 150909
353962 253962
805764 705764
643535 543535
525251 425251
214438 114438
255878 155878
503696 403696
545753 445753
224881 124881
828570 728570
423318 323318
125253 25253
1008045 908045
747666 647666
919052 819052
586931 486931
122496 22496
680433 580433
1042313 942313
237810 137810
728138 628138
875678 775678
597334 497334
856123 756123
593988 493988
900212 800212
660508 560508
506066 406066
278770 178770
1017206 917206
200751 100751
703750 603750
843780 743780
108064 8064
867441 767441
536466 436466
360207 260207
1029337 929337
628516 528516
265510 165510
560674 460674
753796 653796
259408 159408
250175 150175
438920 338920
672437 572437
362573 262573
109938 9938
756634 656634
1006848 906848
792878 692878
215561 115561
244990 144990
964718 864718
810826 710826
682948 582948
589696 489696
288649 188649
373800 273800
637569 537569
942411 842411
1032663 932663
772422 672422
270582 170582
960707 860707
319843 219843
691334 591334
786202 686202
577986 477986
643702 543702
477494 377494
1068579 968579
479150 379150
682725 582725
373562 273562
909803 809803
763380 663380
1014340 914340
575832 475832
562156 462156
546979 446979
691832 591832
777376 677376
202602 102602
897511 797511
104234 4234
927414 827414
984688 884688
472160 372160
828184 728184
761982 661982
964978 864978
870238 770238
329413 229413
323490 223490
943633 843633
987899 887899
493585 393585
893251 793251
748606 648606
629526 529526
1004963 904963
1019897 919897
663350 563350
576039 476039
234242 134242
419657 319657
218539 118539
520452 420452
676739 576739
397538 297538
835267 735267
454831 354831
131165 31165
877460 777460
117177 17177
292185 192185
965720 865720
1033934 933934
608802 508802
424440 324440
188644 88644
161490 61490
771082 671082
695168 595168
1033798 933798
446071 346071
371197 271197
862977 762977
416173 316173
114458 14458
194081 94081
994204 894204
723235 623235
720803 620803
114112 14112
751139 651139
611103 511103
660399 560399
895268 795268
1001420 901420
797879 697879
480991 380991
1095643 995643
242578 142578
709106 609106
430972 330972
124122 24122
947177 847177
424444 324444
611398 511398
1099262 999262
160348 60348
1040691 940691
753496 653496
149997 49997
390276 290276
436446 336446
328825 228825
174171 74171
952614 852614
575549 475549
957121 857121
658281 558281
818730 718730
753211 653211
314341 214341
163112 63112
527284 427284
481408 381408
1089698 989698
548730 448730
146017 46017
843363 743363
380546 280546
768089 668089
848672 748672
252605 152605
1048974 948974
101938 1938
453866 353866
118168 18168
575377 475377
161705 61705
1030559 930559
479047 379047
654340 554340
446400 346400
1014527 914527
835215 735215
522779 422779
516114 416114
917761 817761
858051 758051
861483 761483
989881 889881
435092 335092
757549 657549
190390 90390
561679 461679
153583 53583
124328 24328
864661 764661
575250 475250
602391 502391
504203 404203
814336 714336
480481 380481
887661 787661
570752 470752
312125 212125
484707 384707
463089 363089
116082 16082
186275 86275
845063 745063
398359 298359
162660 62660
775178 675178
178021 78021
427780 327780
760287 660287
1009042 909042
825219 725219
444005 344005
914500 814500
282380 182380
176820 76820
1057772 957772
484095 384095
103816 3816
734044 634044
980009 880009
934748 834748
959484 859484
737678 637678
372545 272545
364276 264276
1008589 908589
227478 127478
566157 466157
337663 237663
571901 471901
344594 244594
917777 817777
439757 339757
153074 53074
573947 473947
1092247 992247
266448 166448
153055 53055
477570 377570
429479 329479
199313 99313
800785 700785
416981 316981
905958 805958
609795 509795
710680 610680
447552 347552
696393 596393
382389 282389
300944 200944
999280 899280
132596 32596
224864 124864
612619 512619
807636 707636
170611 70611
1020512 920512
701852 601852
1076892 976892
1011283 911283
773184 673184
951299 851299
430947 330947
724766 624766
661614 561614
123312 23312
995625 895625
611826 511826
1019149 919149
436726 336726
632377 532377
964733 864733
786474 686474
657805 557805
687018 587018
798679 698679
206662 106662
510403 410403
356416 256416
763964 663964
234001 134001
550337 450337
1060530 960530
845541 745541
933752 833752
479478 379478
438022 338022
170369 70369
808981 708981
550946 450946
578777 478777
596821 496821
117957 17957
1064833 964833
417275 317275
1025837 925837
1002584 902584
817490 717490
1030582 930582
247037 147037
569121 469121
654594 554594
979951 879951
303129 203129
762668 662668
459258 359258
590118 490118
423246 323246
698319 598319
535362 435362
823896 723896
769755 669755
538521 438521
623504 523504
986948 886948
741071 641071
150248 50248
160177 60177
582474 482474
178176 78176
467351 367351
974803 874803
619054 519054
747237 647237
259155 159155
421677 321677
457660 357660
1006033 906033
441871 341871
615115 515115
868486 768486
179597 79597
985294 885294
875769 775769
548425 448425
219536 119536
161245 61245
466956 366956
918382 818382
117341 17341
646371 546371
594184 494184
193708 93708
322234 222234
782544 682544
163569 63569
142794 42794
766216 666216
478387 378387
687537 587537
628738 528738
646084 546084
148520 48520
203810 103810
1041281 941281
157657 57657
379502 279502
999033 899033
278091 178091
752159 652159
260503 160503
301520 201520
1036924 936924
399668 299668
1037016 937016
702287 602287
373033 273033
1082229 982229
601344 501344
632374 532374
669349 569349
576474 476474
945606 845606
825672 725672
564896 464896
183915 83915
209595 109595
487511 387511
478441 378441
881123 781123
667102 567102
782569 682569
628052 528052
463199 363199
592654 492654
283396 183396
294710 194710
491715 391715
593434 493434
564059 464059
799245 699245
197610 97610
146036 46036
200917 100917
513661 413661
473927 373927
625413 525413
785270 685270
721013 621013
1041117 941117
241370 141370
761516 661516
860400 760400
720215 620215
963195 863195
628216 528216
336984 236984
1087237 987237
760476 660476
194615 94615
252164 152164
600499 500499
311405 211405
710477 610477
656674 556674
750760 650760
781196 681196
930285 830285
170608 70608
528056 428056
122907 22907
616966 516966
810532 710532
535622 435622
731051 631051
470221 370221
460716 360716
423194 323194
1026327 926327
525091 425091
508880 408880
672347 572347
601710 501710
305252 205252
753267 653267
714473 614473
539400 439400
277516 177516
448376 348376
151385 51385
1063609 963609
388357 288357
728320 628320
802958 702958
556196 456196
1067665 967665
371538 271538
951792 851792
232935 132935
114064 14064
728404 628404
817420 717420
1042100 942100
1082671 982671
339126 239126
816968 716968
241855 141855
360877 260877
322094 222094
706177 606177
235731 135731
344523 244523
948253 848253
1043139 943139
835008 735008
491152 391152
237393 137393
989732 889732
1042543 942543
1000246 900246
213348 113348
125565 25565
759318 659318
122740 22740
175489 75489
680902 580902
486022 386022
751017 651017
148998 48998
760973 660973
782049 682049
171298 71298
277381 177381
206611 106611
980010 880010
689032 589032
939429 839429
467011 367011
999221 899221
543337 443337
674150 574150
829136 729136
126717 26717
145889 45889
998530 898530
396522 296522
349332 249332
1080805 980805
1008942 908942
448028 348028
1056565 956565
637931 537931
1081216 981216
618757 518757
547061 447061
847609 747609
488170 388170
154544 54544
582872 482872
112905 12905
868644 768644
512595 412595
998208 898208
612246 512246
384680 284680
422113 322113
973697 873697
479175 379175
775639 675639
438156 338156
545679 445679
432244 332244
955961 855961
257883 157883
774361 674361
890265 790265
1080802 980802
190883 90883
493359 393359
821462 721462
777839 677839
600485 500485
802718 702718
930272 830272
863280 763280
123204 23204
828252 728252
790984 690984
461280 361280
877409 777409
739102 639102
527398 427398
345615 245615
277909 177909
572296 472296
878370 778370
200481 100481
487882 387882
664956 564956
141214 41214
461230 361230
379766 279766
690259 590259
156035 56035
886922 786922
210421 110421
977706 877706
295271 195271
1082272 982272
210370 110370
627156 527156
333848 233848
146552 46552
508050 408050
677485 577485
355976 255976
816536 716536
704270 604270
621070 521070
627796 527796
720902 620902
705963 605963
887452 787452
1011379 911379
957035 857035
485991 385991
925947 825947
890551 790551
711378 611378
300897 200897
713057 613057
890307 790307
822352 722352
894421 794421
1081669 981669
880074 780074
280702 180702
366388 266388
113141 13141
138559 38559
1007458 907458
709980 609980
1091463 991463
883615 783615
1091756 991756
554681 454681
942887 842887
462231 362231
842332 742332
353207 253207
776528 676528
732818 632818
438656 338656
695331 595331
735254 635254
354979 254979
269787 169787
868445 768445
590495 490495
966348 866348
598370 498370
393724 293724
649010 549010
135401 35401
967200 867200
811646 711646
764327 664327
388668 288668
481017 381017
555242 455242
1021374 921374
745302 645302
599755 499755
369861 269861
627980 527980
268830 168830
379376 279376
540077 440077
533008 433008
333441 233441
960032 860032
973589 873589
695460 595460
719990 619990
538804 438804
108189 8189
1083023 983023
757868 657868
476869 376869
665996 565996
1005943 905943
593363 493363
833715 733715
920237 820237
200628 100628
796420 696420
1083073 983073
482565 382565
779199 679199
955214 855214
939038 839038
132333 32333
291209 191209
597726 497726
995327 895327
964175 864175
279912 179912
1042058 942058
549799 449799
186625 86625
627372 527372
163066 63066
411976 311976
194169 94169
863120 763120
951475 851475
721667 621667
564204 464204
698188 598188
393090 293090
286028 186028
871496 771496
605704 505704
1088001 988001
300649 200649
926474 826474
320746 220746
373449 273449
284697 184697
288252 188252
165712 65712
569332 469332
118289 18289
1046287 946287
609625 509625
514189 414189
281953 181953
871889 771889
194462 94462
783063 683063
189302 89302
802378 702378
726079 626079
801206 701206
978041 878041
651897 551897
204823 104823
431230 331230
1077908 977908
457382 357382
387665 287665
607575 507575
166036 66036
153060 53060
1059732 959732
979529 879529
504809 404809
197477 97477
1039066 939066
117290 17290
961291 861291
940089 840089
106591 6591
804961 704961
606583 506583
463461 363461
443252 343252
1015702 915702
835479 735479
589532 489532
356530 256530
418680 318680
484224 384224
489053 389053
491788 391788
921642 821642
1052309 952309
585000 485000
906366 806366
602891 502891
937352 837352
193822 93822
978402 878402
501152 401152
1012545 912545
846324 746324
614113 514113
377633 277633
922967 822967
389267 289267
984454 884454
468381 368381
305723 205723
608272 508272
892014 792014
594506 494506
268020 168020
116419 16419
433308 333308
876461 776461
848644 748644
347526 247526
740713 640713
298978 198978
381482 281482
571468 471468
773336 673336
262729 162729
380289 280289
608795 508795
1055496 955496
597581 497581
792326 692326
697383 597383
1078530 978530
142226 42226
106167 6167
561421 461421
425522 325522
163386 63386
959830 859830
351273 251273
927091 827091
662484 562484
375116 275116
358676 258676
575747 475747
291107 191107
340395 240395
791229 691229
343958 243958
632902 532902
1055756 955756
564962 464962
976262 876262
484105 384105
711703 611703
343084 243084
585511 485511
905991 805991
976481 876481
121701 21701
715449 615449
869689 769689
971888 871888
637655 537655
844599 744599
645600 545600
137306 37306
473538 373538
508492 408492
967499 867499
1025803 925803
733881 633881
729445 629445
1022981 922981
137316 37316
352473 252473
417889 317889
924383 824383
670785 570785
440679 340679
985765 885765
407573 307573
1009491 909491
891589 791589
848589 748589
336480 236480
206124 106124
680145 580145
1015741 915741
177624 77624
767898 667898
344923 244923
688725 588725
798915 698915
488682 388682
991232 891232
784131 684131
886974 786974
392398 292398
613735 513735
193906 93906
1004678 904678
673753 573753
655640 555640
513312 413312
452644 352644
826790 726790
452212 352212
1052301 952301
875123 775123
961945 861945
887253 787253
594447 494447
756943 656943
259197 159197
670018 570018
281027 181027
741916 641916
1090573 990573
1037327 937327
570589 470589
1038640 938640
417934 317934
737615 637615
458209 358209
549470 449470
989529 889529
841655 741655
825899 725899
112288 12288
105015 5015
392401 292401
167592 67592
407840 307840
373092 273092
204633 104633
137575 37575
644707 544707
573814 473814
394424 294424
473354 373354
161682 61682
575127 475127
799194 699194
668374 568374
186855 86855
499566 399566
534190 434190
767594 667594
119728 19728
154973 54973
181178 81178
285645 185645
614275 514275
941603 841603
784088 684088
687712 587712
1026367 926367
944032 844032
414544 314544
229298 129298
183738 83738
837561 737561
122963 22963
601906 501906
640460 540460
924626 824626
581266 481266
990143 890143
460727 360727
408504 308504
663033 563033
583836 483836
243442 143442
827361 727361
223628 123628
810431 710431
306384 206384
980554 880554
297244 197244
286024 186024
1094482 994482
236416 136416
337765 237765
438735 338735
277446 177446
821243 721243
738247 638247
834454 734454
637913 537913
936932 836932
998560 898560
310494 210494
622528 522528
158648 58648
294594 194594
318357 218357
1055935 955935
414596 314596
493462 393462
959788 859788
929621 829621
603536 503536
667660 567660
274759 174759
370564 270564
394200 294200
778302 678302
479566 379566
583936 483936
658741 558741
426592 326592
949217 849217
956724 856724
792219 692219
1078118 978118
993832 893832
224299 124299
109819 9819
387251 287251
484487 384487
508129 408129
198473 98473
487096 387096
720241 620241
968167 868167
351064 251064
845169 745169
1010516 910516
502381 402381
325857 225857
225976 125976
271218 171218
158767 58767
195490 95490
720837 620837
935504 835504
385407 285407
788707 688707
531203 431203
230342 130342
225387 125387
995475 895475
102735 2735
333175 233175
301706 201706
304786 204786
232335 132335
550171 450171
800040 700040
420232 320232
1059821 959821
152888 52888
1077131 977131
754866 654866
322159 222159
596976 496976
770978 670978
768253 668253
536053 436053
981619 881619
139849 39849
253642 153642
478478 378478
565460 465460
121019 21019
139218 39218
418230 318230
1012218 912218
266453 166453
749667 649667
924336 824336
443949 343949
268931 168931
758089 658089
1054588 954588
641488 541488
973449 873449
874568 774568
312566 212566
636526 536526
