2579121
500485 400485
115094 15094
856326 756326
624506 524506
479248 379248
894416 794416
945421 845421
1040992 940992
780322 680322
666649 566649
315795 215795
349237 249237
758043 658043
896457 796457
1042845 942845
867815 767815
624955 524955
219446 119446
1049252 949252
763422 663422
961009 861009
988791 888791
225901 125901
249359 149359
981122 881122
945667 845667
681094 581094
431598 331598
838738 738738
382007 282007
588574 488574
1020544 920544
965715 865715
985334 885334
378882 278882
682766 582766
831367 731367
693994 593994
759984 659984
859893 759893
173299 73299
862633 762633
649433 549433
1087131 987131
515682 415682
805428 705428
990072 890072
576700 476700
897874 797874
630617 530617
600138 500138
315874 215874
353856 253856
377720 277720
487145 387145
1074419 974419
137995 37995
269794 169794
291529 191529
428196 328196
136199 36199
195997 95997
683277 583277
383116 283116
680097 580097
315908 215908
259719 159719
355539 255539
1035242 935242
245707 145707
836107 736107
738569 638569
141122 41122
925537 825537
241070 141070
190931 90931
576098 476098
1055726 955726
853600 753600
575487 475487
336645 236645
859772 759772
607267 507267
867513 767513
241972 141972
252081 152081
1009895 909895
529943 429943
783213 683213
288058 188058
799748 699748
284303 184303
789487 689487
1013764 913764
571923 471923
1006536 906536
917029 817029
290724 190724
525674 425674
163789 63789
298540 198540
427479 327479
245554 145554
762142 662142
622467 522467
738339 638339
347046 247046
1068641 968641
389710 289710
543196 443196
640553 540553
381494 281494
333191 233191
384066 284066
718724 618724
1030824 930824
705730 605730
1099208 999208
636988 536988
659711 559711
1072090 972090
378800 278800
1019340 919340
443314 343314
527549 427549
166289 66289
104196 4196
169401 69401
870865 770865
641466 541466
879678 779678
402689 302689
765570 665570
766833 666833
914936 814936
575225 475225
303722 203722
836244 736244
173651 73651
843849 743849
276123 176123
118113 18113
971431 871431
1033379 933379
578508 478508
577361 477361
507585 407585
662065 562065
541853 441853
267486 167486
259642 159642
712686 612686
497992 397992
957286 857286
636725 536725
871889 771889
661286 561286
898024 798024
261812 161812
779491 679491
528859 428859
406891 306891
960663 860663
375090 275090
381088 281088
285181 185181
824179 724179
1021214 921214
654187 554187
861017 761017
996619 896619
243472 143472
347261 247261
904418 804418
116846 16846
505419 405419
1029192 929192
617356 517356
1057261 957261
286682 186682
115514 15514
129306 29306
112886 12886
212201 112201
303530 203530
488385 388385
1064849 964849
291952 191952
283294 183294
611500 511500
831799 731799
821194 721194
262391 162391
259737 159737
464330 364330
444324 344324
202298 102298
512992 412992
732790 632790
142224 42224
145275 45275
698260 598260
1089826 989826
871097 771097
932072 832072
454210 354210
902866 802866
721649 621649
267951 167951
536919 436919
598748 498748
313063 213063
956685 856685
932958 832958
109956 9956
354804 254804
848564 748564
340518 240518
624183 524183
865428 765428
1029400 929400
105537 5537
106721 6721
535346 435346
781207 681207
914153 814153
121323 21323
778971 678971
260611 160611
417662 317662
692116 592116
314197 214197
108109 8109
418091 318091
786795 686795
411529 311529
499343 399343
505126 405126
997862 897862
238747 138747
581685 481685
488469 388469
1007010 907010
743770 643770
1031881 931881
241934 141934
676984 576984
800723 700723
389403 289403
1091895 991895
178360 78360
517568 417568
405449 305449
516172 416172
1033541 933541
556958 456958
996272 896272
584383 484383
692877 592877
433308 333308
453359 353359
534970 434970
1052707 952707
193583 93583
644308 544308
866048 766048
867770 767770
220930 120930
533030 433030
507569 407569
486208 386208
725003 625003
1015311 915311
767020 667020
702100 602100
511609 411609
563939 463939
1095887 995887
208422 108422
146825 46825
592785 492785
579930 479930
515370 415370
614904 514904
773989 673989
800241 700241
774969 674969
1007379 907379
409143 309143
589376 489376
699972 599972
537962 437962
567028 467028
496889 396889
323061 223061
217443 117443
789638 689638
188216 88216
661348 561348
495338 395338
389347 289347
1049160 949160
758066 658066
846406 746406
561391 461391
948159 848159
605638 505638
993031 893031
625295 525295
955204 855204
793826 693826
987420 887420
781196 681196
599153 499153
732449 632449
543425 443425
389855 289855
405331 305331
752143 652143
740565 640565
795487 695487
877838 777838
1039140 939140
408009 308009
650564 550564
213918 113918
843615 743615
980533 880533
698135 598135
490232 390232
373564 273564
693957 593957
106360 6360
656591 556591
267793 167793
530576 430576
809163 709163
333746 233746
854859 754859
146377 46377
893760 793760
523858 423858
859711 759711
1043086 943086
945662 845662
662434 562434
850159 750159
510558 410558
1095660 995660
384279 284279
714268 614268
1092840 992840
545948 445948
862735 762735
717315 617315
728574 628574
134676 34676
970126 870126
508341 408341
263912 163912
1013689 913689
848739 748739
647894 547894
540821 440821
711706 611706
723625 623625
157490 57490
735917 635917
827478 727478
996201 896201
1055671 955671
212993 112993
501932 401932
101149 1149
402899 302899
910052 810052
1006237 906237
959759 859759
430187 330187
149267 49267
1033472 933472
892256 792256
158772 58772
1008783 908783
752098 652098
1078117 978117
185906 85906
141516 41516
333911 233911
787180 687180
850635 750635
777025 677025
360225 260225
940380 840380
450823 350823
895712 795712
999164 899164
398266 298266
618343 518343
533216 433216
441732 341732
581448 481448
489502 389502
559541 459541
532740 432740
262664 162664
622576 522576
393954 293954
323612 223612
445726 345726
356902 256902
476772 376772
565454 465454
448531 348531
778411 678411
964943 864943
367973 267973
661750 561750
597703 497703
942327 842327
1014850 914850
1053917 953917
817077 717077
584005 484005
921220 821220
703113 603113
1024802 924802
1039913 939913
352403 252403
850791 750791
666181 566181
1077998 977998
712010 612010
775859 675859
597525 497525
730345 630345
353919 253919
1037431 937431
274668 174668
849675 749675
556527 456527
542833 442833
753462 653462
204438 104438
145291 45291
613523 513523
291605 191605
687916 587916
698457 598457
176420 76420
728405 628405
178115 78115
641417 541417
1006660 906660
814279 714279
374261 274261
817685 717685
869772 769772
297596 197596
478388 378388
292307 192307
631764 531764
720224 620224
1058843 958843
903322 803322
1048206 948206
1065840 965840
477407 377407
336975 236975
930639 830639
261401 161401
850852 750852
574091 474091
522542 422542
545327 445327
206060 106060
980330 880330
626757 526757
914182 814182
1023082 923082
479603 379603
191637 91637
951793 851793
823093 723093
875615 775615
860614 760614
763733 663733
770136 670136
313864 213864
730187 630187
359016 259016
124102 24102
914863 814863
959972 859972
1046987 946987
1069163 969163
1075306 975306
957501 857501
188034 88034
1000477 900477
