24430606
10400485 9400485
7015094 6015094
3756326 2756326
2524506 1524506
5379248 4379248
4794416 3794416
3845421 2845421
7940992 6940992
2680322 1680322
7566649 6566649
5215795 4215795
2249237 1249237
5658043 4658043
8796457 7796457
2942845 1942845
10767815 9767815
6524955 5524955
6119446 5119446
2949252 1949252
2663422 1663422
6861009 5861009
3888791 2888791
5125901 4125901
2149359 1149359
3881122 2881122
1845667 845667
4581094 3581094
6331598 5331598
4738738 3738738
2282007 1282007
3488574 2488574
1920544 920544
7865715 6865715
6885334 5885334
9278882 8278882
9582766 8582766
1731367 731367
3593994 2593994
8659984 7659984
9759893 8759893
7073299 6073299
6762633 5762633
6549433 5549433
8987131 7987131
8415682 7415682
9705428 8705428
4890072 3890072
7476700 6476700
7797874 6797874
10530617 9530617
10500138 9500138
5215874 4215874
2253856 1253856
7277720 6277720
1387145 387145
3974419 2974419
1037995 37995
6169794 5169794
8191529 7191529
7328196 6328196
1036199 36199
2095997 1095997
4583277 3583277
5283116 4283116
7580097 6580097
1215908 215908
4159719 3159719
4255539 3255539
2935242 1935242
1145707 145707
4736107 3736107
7638569 6638569
1041122 41122
6825537 5825537
5141070 4141070
5090931 4090931
10476098 9476098
4955726 3955726
6753600 5753600
4475487 3475487
5236645 4236645
7759772 6759772
3507267 2507267
2767513 1767513
7141972 6141972
7152081 6152081
10909895 9909895
3429943 2429943
10683213 9683213
2188058 1188058
10699748 9699748
2184303 1184303
3689487 2689487
7913764 6913764
7471923 6471923
3906536 2906536
6817029 5817029
5190724 4190724
10425674 9425674
6063789 5063789
2198540 1198540
10327479 9327479
5145554 4145554
7662142 6662142
9522467 8522467
6638339 5638339
5247046 4247046
4968641 3968641
6289710 5289710
1443196 443196
3540553 2540553
1281494 281494
10233191 9233191
9284066 8284066
1618724 618724
6930824 5930824
7605730 6605730
4999208 3999208
1536988 536988
2559711 1559711
10972090 9972090
5278800 4278800
1919340 919340
4343314 3343314
5427549 4427549
6066289 5066289
7004196 6004196
9069401 8069401
5770865 4770865
5541466 4541466
8779678 7779678
4302689 3302689
10665570 9665570
8666833 7666833
6814936 5814936
6475225 5475225
7203722 6203722
10736244 9736244
9073651 8073651
4743849 3743849
10176123 9176123
6018113 5018113
4871431 3871431
9933379 8933379
7478508 6478508
2477361 1477361
8407585 7407585
6562065 5562065
5441853 4441853
9167486 8167486
1159642 159642
5612686 4612686
4397992 3397992
5857286 4857286
4536725 3536725
9771889 8771889
2561286 1561286
6798024 5798024
7161812 6161812
3679491 2679491
10428859 9428859
1306891 306891
7860663 6860663
6275090 5275090
3281088 2281088
5185181 4185181
3724179 2724179
2921214 1921214
8554187 7554187
2761017 1761017
5896619 4896619
4143472 3143472
9247261 8247261
9804418 8804418
9016846 8016846
2405419 1405419
1929192 929192
3517356 2517356
1957261 957261
9186682 8186682
7015514 6015514
7029306 6029306
6012886 5012886
4112201 3112201
9203530 8203530
5388385 4388385
7964849 6964849
6191952 5191952
6183294 5183294
4511500 3511500
3731799 2731799
9721194 8721194
3162391 2162391
2159737 1159737
3364330 2364330
10344324 9344324
8102298 7102298
1412992 412992
9632790 8632790
5042224 4042224
5045275 4045275
2598260 1598260
7989826 6989826
1771097 771097
9832072 8832072
10354210 9354210
3802866 2802866
1621649 621649
10167951 9167951
9436919 8436919
4498748 3498748
9213063 8213063
7856685 6856685
10832958 9832958
10009956 9009956
9254804 8254804
9748564 8748564
10240518 9240518
8524183 7524183
2765428 1765428
5929400 4929400
10005537 9005537
8006721 7006721
6435346 5435346
9681207 8681207
2814153 1814153
3021323 2021323
7678971 6678971
8160611 7160611
10317662 9317662
6592116 5592116
1214197 214197
6008109 5008109
5318091 4318091
9686795 8686795
7311529 6311529
3399343 2399343
2405126 1405126
2897862 1897862
10138747 9138747
2481685 1481685
3388469 2388469
4907010 3907010
1643770 643770
8931881 7931881
8141934 7141934
9576984 8576984
7700723 6700723
2289403 1289403
6991895 5991895
2078360 1078360
8417568 7417568
10305449 9305449
3416172 2416172
2933541 1933541
10456958 9456958
5896272 4896272
2484383 1484383
8592877 7592877
1333308 333308
9353359 8353359
4434970 3434970
7952707 6952707
9093583 8093583
6544308 5544308
8766048 7766048
5767770 4767770
7120930 6120930
8433030 7433030
6407569 5407569
6386208 5386208
2625003 1625003
1915311 915311
6667020 5667020
7602100 6602100
7411609 6411609
8463939 7463939
10995887 9995887
2108422 1108422
2046825 1046825
2492785 1492785
10479930 9479930
10415370 9415370
5514904 4514904
4673989 3673989
6700241 5700241
2674969 1674969
3907379 2907379
6309143 5309143
10489376 9489376
1599972 599972
1437962 437962
3467028 2467028
9396889 8396889
7223061 6223061
6117443 5117443
6689638 5689638
3088216 2088216
5561348 4561348
9395338 8395338
9289347 8289347
10949160 9949160
6658066 5658066
5746406 4746406
1461391 461391
8848159 7848159
4505638 3505638
1893031 893031
10525295 9525295
9855204 8855204
4693826 3693826
4887420 3887420
10681196 9681196
3499153 2499153
7632449 6632449
2443425 1443425
3289855 2289855
4305331 3305331
9652143 8652143
4640565 3640565
4695487 3695487
6777838 5777838
5939140 4939140
10308009 9308009
9550564 8550564
9113918 8113918
3743615 2743615
7880533 6880533
2598135 1598135
6390232 5390232
1273564 273564
2593957 1593957
1006360 6360
2556591 1556591
1167793 167793
4430576 3430576
5709163 4709163
2233746 1233746
10754859 9754859
5046377 4046377
6793760 5793760
3423858 2423858
1759711 759711
9943086 8943086
3845662 2845662
1562434 562434
7750159 6750159
1410558 410558
8995660 7995660
8284279 7284279
2614268 1614268
1992840 992840
6445948 5445948
3762735 2762735
6617315 5617315
8628574 7628574
8034676 7034676
8870126 7870126
4408341 3408341
3163912 2163912
8913689 7913689
9748739 8748739
4547894 3547894
3440821 2440821
3611706 2611706
4623625 3623625
8057490 7057490
10635917 9635917
5727478 4727478
1896201 896201
10955671 9955671
7112993 6112993
7401932 6401932
1001149 1149
5302899 4302899
1810052 810052
7906237 6906237
6859759 5859759
2330187 1330187
10049267 9049267
1933472 933472
1792256 792256
2058772 1058772
1908783 908783
5652098 4652098
7978117 6978117
8085906 7085906
9041516 8041516
8233911 7233911
7687180 6687180
9750635 8750635
1677025 677025
8260225 7260225
5840380 4840380
2350823 1350823
5795712 4795712
4899164 3899164
6298266 5298266
8518343 7518343
8433216 7433216
8341732 7341732
2481448 1481448
9389502 8389502
8459541 7459541
2432740 1432740
3162664 2162664
1522576 522576
5293954 4293954
4223612 3223612
7345726 6345726
9256902 8256902
8376772 7376772
3465454 2465454
9348531 8348531
6678411 5678411
2864943 1864943
1267973 267973
5561750 4561750
8497703 7497703
5842327 4842327
10914850 9914850
5953917 4953917
10717077 9717077
3484005 2484005
6821220 5821220
4603113 3603113
5924802 4924802
3939913 2939913
10252403 9252403
2750791 1750791
9566181 8566181
3977998 2977998
3612010 2612010
10675859 9675859
10497525 9497525
7630345 6630345
10253919 9253919
9937431 8937431
10174668 9174668
5749675 4749675
1456527 456527
2442833 1442833
1653462 653462
7104438 6104438
9045291 8045291
10513523 9513523
2191605 1191605
8587916 7587916
10598457 9598457
10076420 9076420
3628405 2628405
2078115 1078115
9541417 8541417
4906660 3906660
2714279 1714279
1274261 274261
4717685 3717685
4769772 3769772
9197596 8197596
9378388 8378388
3192307 2192307
5531764 4531764
3620224 2620224
6958843 5958843
1803322 803322
6948206 5948206
5965840 4965840
8377407 7377407
6236975 5236975
9830639 8830639
5161401 4161401
6750852 5750852
1474091 474091
1422542 422542
5445327 4445327
1106060 106060
8880330 7880330
10526757 9526757
8814182 7814182
8923082 7923082
4379603 3379603
4091637 3091637
6851793 5851793
7723093 6723093
8775615 7775615
3760614 2760614
2663733 1663733
1670136 670136
2213864 1213864
2630187 1630187
10259016 9259016
7024102 6024102
5814863 4814863
1859972 859972
10946987 9946987
1969163 969163
5975306 4975306
7857501 6857501
2088034 1088034
4900477 3900477
