252389
10485 485
25094 15094
66326 56326
34506 24506
89248 79248
104416 94416
55421 45421
50992 40992
90322 80322
76649 66649
25795 15795
59237 49237
68043 58043
106457 96457
52845 42845
77815 67815
34955 24955
29446 19446
59252 49252
73422 63422
71009 61009
98791 88791
35901 25901
59359 49359
91122 81122
55667 45667
91094 81094
41598 31598
48738 38738
92007 82007
98574 88574
30544 20544
75715 65715
95334 85334
88882 78882
92766 82766
41367 31367
103994 93994
69984 59984
69893 59893
83299 73299
72633 62633
59433 49433
97131 87131
25682 15682
15428 5428
100072 90072
86700 76700
107874 97874
40617 30617
10138 138
25874 15874
63856 53856
87720 77720
97145 87145
84419 74419
47995 37995
79794 69794
101529 91529
38196 28196
46199 36199
105997 95997
93277 83277
93116 83116
90097 80097
25908 15908
69719 59719
65539 55539
45242 35242
55707 45707
46107 36107
48569 38569
51122 41122
35537 25537
51070 41070
100931 90931
86098 76098
65726 55726
63600 53600
85487 75487
46645 36645
69772 59772
17267 7267
77513 67513
51972 41972
62081 52081
19895 9895
39943 29943
93213 83213
98058 88058
109748 99748
94303 84303
99487 89487
23764 13764
81923 71923
16536 6536
27029 17029
100724 90724
35674 25674
73789 63789
108540 98540
37479 27479
55554 45554
72142 62142
32467 22467
48339 38339
57046 47046
78641 68641
99710 89710
53196 43196
50553 40553
91494 81494
43191 33191
94066 84066
28724 18724
40824 30824
15730 5730
109208 99208
46988 36988
69711 59711
82090 72090
88800 78800
29340 19340
53314 43314
37549 27549
76289 66289
14196 4196
79401 69401
80865 70865
51466 41466
89678 79678
12689 2689
75570 65570
76833 66833
24936 14936
85225 75225
13722 3722
46244 36244
83651 73651
53849 43849
86123 76123
28113 18113
81431 71431
43379 33379
88508 78508
87361 77361
17585 7585
72065 62065
51853 41853
77486 67486
69642 59642
22686 12686
107992 97992
67286 57286
46725 36725
81889 71889
71286 61286
108024 98024
71812 61812
89491 79491
38859 28859
16891 6891
70663 60663
85090 75090
91088 81088
95181 85181
34179 24179
31214 21214
64187 54187
71017 61017
106619 96619
53472 43472
57261 47261
14418 4418
26846 16846
15419 5419
39192 29192
27356 17356
67261 57261
96682 86682
25514 15514
39306 29306
22886 12886
22201 12201
13530 3530
98385 88385
74849 64849
101952 91952
93294 83294
21500 11500
41799 31799
31194 21194
72391 62391
69737 59737
74330 64330
54324 44324
12298 2298
22992 12992
42790 32790
52224 42224
55275 45275
108260 98260
99826 89826
81097 71097
42072 32072
64210 54210
12866 2866
31649 21649
77951 67951
46919 36919
108748 98748
23063 13063
66685 56685
42958 32958
19956 9956
64804 54804
58564 48564
50518 40518
34183 24183
75428 65428
39400 29400
15537 5537
16721 6721
45346 35346
91207 81207
24153 14153
31323 21323
88971 78971
70611 60611
27662 17662
102116 92116
24197 14197
18109 8109
28091 18091
96795 86795
21529 11529
109343 99343
15126 5126
107862 97862
48747 38747
91685 81685
98469 88469
17010 7010
53770 43770
41881 31881
51934 41934
86984 76984
10723 723
99403 89403
101895 91895
88360 78360
27568 17568
15449 5449
26172 16172
43541 33541
66958 56958
106272 96272
94383 84383
102877 92877
43308 33308
63359 53359
44970 34970
62707 52707
103583 93583
54308 44308
76048 66048
77770 67770
30930 20930
43030 33030
17569 7569
96208 86208
35003 25003
25311 15311
77020 67020
12100 2100
21609 11609
73939 63939
105887 95887
18422 8422
56825 46825
102785 92785
89930 79930
25370 15370
24904 14904
83989 73989
10241 241
84969 74969
17379 7379
19143 9143
99376 89376
109972 99972
47962 37962
77028 67028
106889 96889
33061 23061
27443 17443
99638 89638
98216 88216
71348 61348
105338 95338
99347 89347
59160 49160
68066 58066
56406 46406
71391 61391
58159 48159
15638 5638
103031 93031
35295 25295
65204 55204
103826 93826
97420 87420
91196 81196
109153 99153
42449 32449
53425 43425
99855 89855
15331 5331
62143 52143
50565 40565
105487 95487
87838 77838
49140 39140
18009 8009
60564 50564
23918 13918
53615 43615
90533 80533
108135 98135
100232 90232
83564 73564
103957 93957
16360 6360
66591 56591
77793 67793
40576 30576
19163 9163
43746 33746
64859 54859
56377 46377
103760 93760
33858 23858
69711 59711
53086 43086
55662 45662
72434 62434
60159 50159
20558 10558
105660 95660
94279 84279
24268 14268
102840 92840
55948 45948
72735 62735
27315 17315
38574 28574
44676 34676
80126 70126
18341 8341
73912 63912
23689 13689
58739 48739
57894 47894
50821 40821
21706 11706
33625 23625
67490 57490
45917 35917
37478 27478
106201 96201
65671 55671
22993 12993
11932 1932
11149 1149
12899 2899
20052 10052
16237 6237
69759 59759
40187 30187
59267 49267
43472 33472
102256 92256
68772 58772
18783 8783
62098 52098
88117 78117
95906 85906
51516 41516
43911 33911
97180 87180
60635 50635
87025 77025
70225 60225
50380 40380
60823 50823
105712 95712
109164 99164
108266 98266
28343 18343
43216 33216
51732 41732
91448 81448
99502 89502
69541 59541
42740 32740
72664 62664
32576 22576
103954 93954
33612 23612
55726 45726
66902 56902
86772 76772
75454 65454
58531 48531
88411 78411
74943 64943
77973 67973
71750 61750
107703 97703
52327 42327
24850 14850
63917 53917
27077 17077
94005 84005
31220 21220
13113 3113
34802 24802
49913 39913
62403 52403
60791 50791
76181 66181
87998 77998
22010 12010
85859 75859
107525 97525
40345 30345
63919 53919
47431 37431
84668 74668
59675 49675
66527 56527
52833 42833
63462 53462
14438 4438
55291 45291
23523 13523
101605 91605
97916 87916
108457 98457
86420 76420
38405 28405
88115 78115
51417 41417
16660 6660
24279 14279
84261 74261
27685 17685
79772 69772
107596 97596
88388 78388
102307 92307
41764 31764
30224 20224
68843 58843
13322 3322
58206 48206
75840 65840
87407 77407
46975 36975
40639 30639
71401 61401
60852 50852
84091 74091
32542 22542
55327 45327
16060 6060
90330 80330
36757 26757
24182 14182
33082 23082
89603 79603
101637 91637
61793 51793
33093 23093
85615 75615
70614 60614
73733 63733
80136 70136
23864 13864
40187 30187
69016 59016
34102 24102
24863 14863
69972 59972
56987 46987
79163 69163
85306 75306
67501 57501
98034 88034
10477 477
