0
1
2
3
4
5
6
7
8
9
10
11
12
13
14
15
16
17
18
19
2, 13, 7
0, 14, 11, 4, 19, 3
15, 14, 4, 11, 1, 3, 10
4, 19, 10, 15
19, 2, 18, 0
25
26
18, 4, 6, 12, 10
28
15, 13, 5, 7, 11, 6, 1
11, 14, 19, 17
12, 13, 7
12, 6, 4, 14, 17, 1, 9
10, 8, 19, 5, 6, 3, 1, 18
34
11, 17, 13, 4, 8, 16
5, 13, 15, 18, 11, 4
4, 2, 8, 19, 18, 15, 13
38
12, 14, 11
9, 12, 8
11, 1, 12, 6, 8, 9, 19
42
0, 13, 9, 14, 15, 12, 18
8, 13
2, 12, 18
2, 13, 5, 10, 14, 12, 1, 17
13, 2, 12, 7
4
18, 14, 9, 3
12, 8, 4, 18, 0, 5, 1
14, 13
9, 11, 6, 0, 2, 16, 15
17, 10
18, 10, 15, 6, 1
14, 17, 15, 3, 0, 12, 2
5, 2, 0, 12, 3
11, 14
6, 12, 10, 2, 5, 9, 11, 16
8, 11, 0, 2
37, 53
61
31, 50
41, 21
57
65
43
67
37
33
25, 43
39, 50
43, 25
44, 35
48, 34
75
76
30
23
57, 22
26, 38
30
82
32, 31
84
85
56, 21
47
88
25, 32
56
49, 35
23, 35
44, 50
94
49
96
44
98
43, 40
50
101
39
39, 48
104
24, 45
57, 41
37
54
109
33
26
112
113
114
42
31
117
118
28, 33
23
41
58
33, 42
42
57, 33
36
127
20
129
53
131
132
53
134
135
136
56, 48
50, 35
139
