115, 60
78, 85, 108, 90
112
83, 116, 87, 86
78
114, 125
71, 86, 89, 130
71
137
88, 83, 116, 82
126, 83, 78, 92
123, 125, 110, 65
125, 135, 139, 123, 107
117, 137, 94
115, 116, 133, 124
96, 87
113, 62, 121, 68
121, 124
127, 73, 68
93, 91, 114
119, 68
63, 60
86, 102, 73
119, 92, 132, 85
65, 121, 111, 136
70, 72
127
127, 137, 138, 103
132
122, 118, 74, 89
119, 118, 132, 113, 109
75, 132, 91, 69, 110
61, 84, 128
130, 116
81
116, 115, 99, 84
79
124
70, 128, 109, 99
84, 75, 127, 130
76, 85, 107, 60
90, 65, 70, 61
90, 70, 72, 124, 61
115, 109, 95, 119, 136
78, 60, 117
72, 134, 108, 127
62
99, 131
76, 98, 60, 139, 91
100, 64, 72, 90
73, 139, 116
69, 112, 113
127
104, 120, 134, 97, 78
97, 139
87, 76, 114, 64
68, 133, 103, 124
131, 103, 100, 67, 72
111
64, 87, 93, 123
121
60
106, 101, 117, 97
100, 136, 63, 116, 109
126, 129, 133, 68, 102
116
92, 134, 85, 98
63, 134, 122, 118
63, 69, 65
137
114, 138
96, 62, 85, 75
69, 117, 62, 138, 81
63, 93, 120, 86, 130
63, 80, 75, 68
114, 78, 66, 134
111, 97, 139, 114
89, 91, 107
63
104, 60, 86
116
82, 102
70, 100, 74, 80
125
105, 117, 113, 77, 116
86, 136
65, 138, 101, 73, 109
131, 80
124, 74
91, 85, 98
76, 96, 68
89, 97, 128
94, 137, 81, 90
124, 118
135, 63, 119, 88
80
92, 121, 88
135, 67, 126
101, 110, 123
70, 67
