0
1
2
3
4
5
6
7
8
9
10
11
12
13
14
15
16
17
18
19
20
7, 12, 17, 3, 2
13, 7, 19, 4, 16, 15, 12, 11
16, 1
13, 18, 17, 7, 1, 12
10
16, 0, 4, 2
0, 15
28
15, 1
4, 15, 19
31
13, 12
2
18, 1, 3, 10, 14, 4, 15
18, 1, 12, 0, 10
7, 8, 1
10, 14, 2, 5
16, 2, 1, 6, 4, 17
18, 16, 14, 8, 7, 6, 4
18, 8, 0, 2
8, 17
14
15, 18, 19
2, 3, 8, 13, 9, 18
9, 7, 1, 12, 13
17
13, 14, 5, 17, 16, 8
17, 16, 0, 4
49
3
6, 5, 7, 12, 9, 14
5
7, 12, 14
6, 9, 5
13
5, 19, 14, 13
15, 11, 4, 3
6, 11, 12, 14, 17
14, 13, 17, 5, 1, 7, 16, 4
20, 49, 37, 30, 27, 59
40, 22, 46, 25
25
24, 51, 37, 48, 35, 44
38, 36, 42, 27, 24, 58
57, 31, 53, 46
52, 45, 31, 27, 33
39
56
27, 34, 30, 46, 31, 58
22, 21, 31
51, 25, 29, 48, 38
72
51
21, 40, 47, 37
75
45, 53
21
36, 55, 50, 33
27, 20, 44, 48, 59
20, 59, 39, 53, 37, 56
44, 56, 36, 55, 22, 38
82
20, 28, 40
22, 31, 59, 53, 27, 45
20, 53, 45
86
50, 51, 22, 56, 40, 39
27
89
90
20, 29
92
24, 28
32
53, 55, 32, 46
21, 49, 25
54, 52, 51, 32, 46, 50
58, 29, 55
42, 51
23, 21
55
33, 48, 29, 25, 38, 51
41, 51, 48, 26, 24
57, 41, 49, 34, 26, 47
24, 26, 41, 36, 20
31, 20, 33, 35, 43, 42
54, 44, 56
41, 37, 35, 39, 40, 47
52, 40, 42, 59
36, 30, 27, 53, 22, 21
111
57, 28, 26, 48, 43, 27
43, 21, 54
58, 23, 46
22, 50, 58, 24, 23, 28
55, 49, 26
48, 38, 34, 52, 58
41, 20, 56, 39
52
29, 34, 39, 54
49, 53, 43, 40, 41
30, 48, 42, 29
41
124
125
126
41, 22
37, 32, 56, 43
53
42, 57, 33, 37
37, 35, 23, 22
46, 51, 54
29, 41
39
36
41, 26, 29, 47, 23, 44
30, 20, 56, 35, 58
40, 54
43
74, 135
75, 127, 106
106, 121
110, 75
133, 113, 60, 99
145
123, 131, 81
139
148
108, 84, 119
112, 133, 110
120
113, 118, 127
66, 97
105, 137, 135, 122
155
87, 134
71, 78
130
113, 86, 114
116, 74, 102
67, 85, 86
82, 129, 77
102, 136, 103, 137
164
70, 87, 86
124, 94, 101, 97
167
73, 74
131, 105, 113
80, 129, 103
106, 105
130, 93
86, 66, 115
96, 105
175
127
177
78, 85, 75
64, 81, 94, 121
180
88
93, 76
84
184
88
103
187
104
83, 77
79, 89, 138, 76
84, 69, 123
120, 73, 89, 133
77
194
195
196
113
65, 122, 104
124, 104, 128
200
92, 109, 127
84
203
133, 95
135, 76, 136
206
91
81, 135
109, 108, 102, 85
111, 105
128, 105, 119
115, 99, 101, 130
113, 77, 120
131, 129
83, 137, 96, 76
216
75, 96, 114
93
117, 136, 98
69
125, 108, 83
105, 69
223
113, 84
76, 87
226
105
90
75
63, 127, 126, 90
231
232
106, 69
73, 122, 90
133, 87
84, 98, 82
91, 84, 62, 80
135, 110, 121, 99
104
104
105
242
138, 85, 115, 68
244
103, 63
246
115
98, 71, 77
97
99, 138, 130
116, 128
101, 126
70
111
99
90, 93
133
78
119, 127
93, 72, 89
103, 83
262
123
264
265
266
267
268
269
61
79, 117
130, 131, 110
117
68, 79
115, 100, 129, 83
276
95, 90
133, 80, 107, 100
139
121, 82, 62, 113
281
138, 69, 90, 86
76, 100
97
285
113
287
128
131
92, 133, 97, 91
129
130
293
83, 61, 131, 94
101, 64
102, 87
137, 124, 87, 102
97, 137
299
256
301
302
303
258, 253
207
306
283
192
309
299
255
208, 229
313
190, 184
278
160
230
318
319
159, 247
321
204
264
171, 230
325
197, 289
187, 203
201
161, 193
150
331
181
166, 259
166
164, 140
270, 202
168, 146
247, 142
243, 238
233
275, 213
175
159, 146
344
345
346
347
225
178, 180
350
150, 297
352
219, 233
158
193, 196
356
357
156, 221
190
184, 159
238, 281
197
363
364
259
366
145
166, 157
238
265, 194
215, 207
290
285, 186
374
235, 294
217, 228
164, 239
378
236
140, 179
293, 292
202
383
384
278
386
146, 285
237
171, 158
390
164
160
150
394
203, 209
396
397
398
275, 247
400
401
402
403
250
177, 258
293, 225
407
408
409
410
411
266
413
414
246, 241
278
417
234, 179
196, 219
420
255
298
423
424
425
189
172
287
429
222, 179
431
221
144, 260
291, 152
290, 236
194
437
289, 270
187, 204
440
175, 272
271
176, 221
298
277
237, 173
273, 257
222, 181
449
152, 289
239
263
453
454
244
283
457
197, 262
459
460
276, 233
155, 246
463
177
141, 294
466
467
468
270, 283
257, 204
471
472
473
223, 186
236, 180
217
477
271, 286
199
480
236, 254
179
483
209
193
486
487
216, 250
180
176, 189
491
492
242, 188
287
291, 160
195, 191
497
498
499
233, 159
280, 291
225
503
504
505
250, 283
155
271, 141
299, 254
286, 229
151
512
153, 179
514
196
155, 244
517
229, 164
197, 212
520
206, 168
522
156, 239
524
227, 196
163, 257
256
528
229, 161
530
531
532
196
273, 158
143
162
537
538
178
179, 203
209, 196
542
161, 191
544
260, 290
223, 271
547
548
204, 174
550
551
240
553
240
262
237
227
206
559
191
292
173, 186
230
564
296
217, 251
263
568
569
181
157, 280
572
289
178, 144
146, 161
281, 267
193
262, 225
197, 291
150, 173
143
582
583
174
585
260
230
272, 268
589
590
591
141, 154
593
594
243, 175
188
278
598
270, 243
276
601
602
603
191
238
258
156, 287
193
609
610
209, 230
289, 164
181
211
615
285
617
256
619
