555, 397, 362
562, 452, 317
420, 399, 329
367, 564, 424, 615
543
459, 359
460, 421, 316, 426
563, 602, 305, 313, 552
301, 367
566, 549, 495, 448
404
500, 544, 371, 505, 592
523, 388, 575, 303, 563
449, 528, 368, 580, 560
440, 541, 359
343, 458, 339, 447
315, 302, 373, 569, 488
505, 402, 545, 363
558, 313
423
609, 459, 415, 460, 507
345, 344, 444
516, 324, 455, 373, 330
446, 418, 511
519, 607, 471, 306, 344
462, 401, 429, 491
612
436
583, 487, 365, 391, 414
499, 413, 561, 348
305, 598, 605, 467
506, 489, 417, 518, 445
520
565, 600, 553
406, 363, 539, 554
573
319
323
435, 465, 600
558
377
486
300, 321, 554
534, 344
363, 608, 567
612, 338, 472
548, 451
483, 516, 598, 304, 460
377, 584, 553, 353
417, 520
442
300, 580
435, 594, 474, 454, 524
556, 371, 439, 532
340, 360, 502, 319, 569
387, 586, 548, 578
403, 346, 560, 401, 477
477
442, 452, 332, 480, 554
569, 489
519, 469, 619
374, 579, 520
511, 519, 313
517, 402, 360
358, 382
336, 331, 428
411, 395, 603, 502
615
609, 531, 525, 478
508
392
483
437, 525
388, 423, 558, 336, 591
465, 437
378, 587, 503, 515
547, 409, 322, 543, 424
425, 372, 491
471, 424, 480
568, 465, 335
595, 346, 546
526, 476, 570, 365
377, 304
378
335, 431, 618
320, 372, 385
385, 572, 353
460, 312
422, 525
464, 589, 401, 378
595, 487, 458
450, 501
405, 328, 306, 613
408, 487, 430
471, 573, 352
383
376, 308, 348
326, 568
398, 616, 564
341, 338, 535, 466
421
519
539, 618, 443, 531
553
443
491
441, 462, 349, 321, 518
361, 438, 483, 352, 617
527, 524, 392
550, 494, 488, 408, 451
597, 587, 340, 504
445, 595, 477, 432
321, 494, 616, 508
532, 300
391, 469
583, 513, 309
513, 485, 549, 613, 595
378, 565, 461, 536
505, 402, 389, 474
461, 550, 586
602, 347, 401, 445
394, 354
539
490
546, 423, 453, 315
530, 591, 495, 442
498, 359, 606, 499
583, 470
547, 322, 578
328, 347, 459, 508, 519
557
616, 328, 329, 602, 337
322, 582
346, 458, 600
544, 470, 386, 358, 552
605, 491, 344, 353, 369
506
536
570
323
493, 419, 535
542, 322, 426
507, 559, 475, 543
494
574, 558
530, 396, 544, 407
397, 361, 305
496
545, 487, 558, 317, 455
383, 535, 595, 304, 445
411
415, 375, 340, 424
435, 579
323, 459
380
582, 521
573, 463, 443, 413
453, 598, 547, 513
512, 367, 372, 313, 601
318, 523, 599
559, 454, 495
587, 500, 464, 574, 604
342, 567, 603, 531, 341
581
381
550, 360, 383, 348
550, 422, 392
376, 497, 586, 605, 444
443, 432, 445, 598
380, 565, 464
376, 490, 552
509, 333
492, 481, 558
300, 416, 388
543, 615, 499, 399
415
365, 477, 355, 554
458, 564, 337, 501, 421
413, 592, 477, 354, 472
526, 433, 504, 541
564, 328
607, 434, 475
375, 598, 507, 524, 550
497, 404
330, 447, 380
410, 401
508, 307
544
404, 527, 353
326, 303, 414
474
304, 374, 451, 507
394, 528, 529, 472, 430
541, 471, 417, 496
491, 431, 619, 342, 534
380, 494
339, 354, 324, 613, 562
449, 554
548, 352, 597, 423
527, 599, 359
606, 413, 343
479
350, 403, 477, 396, 529
548, 569, 526, 522
544, 461, 506
448, 587, 482, 427, 537
491, 400, 494, 468, 339
541, 562
335, 584, 455
309, 567, 412
395, 591, 512
509, 588
352, 421, 430, 589
491, 527, 354, 614, 550
583
614, 551, 562
413, 568, 559
485, 402, 553
556, 325, 367
406, 373, 368, 525, 473
587, 309, 476, 459
403, 317, 408, 308, 300
517, 421, 448, 617
373
518, 342, 337
617, 426, 510
444, 312
525, 508, 404
354, 343, 502, 394, 314
460, 570, 488, 444
405, 613, 399, 523
435, 344
367, 488, 425, 534
307, 605, 316, 531
447, 378, 329, 413, 416
491, 478, 609, 334, 374
519
572, 490
437, 397, 531, 334, 420
549, 324
358, 442
391, 504
479, 471, 375, 487
491, 448
312, 574, 424, 454, 507
384, 613
437
387, 618
588, 356
517, 313, 519, 425
594, 592
561
341, 536, 561, 435
441, 511
456, 452, 409, 358, 310
462, 445, 411
386, 572, 473, 612
418, 384, 444, 589
401, 303
595, 477
454, 488
490, 576
507
526, 602
441, 561
368, 327, 443
489, 520, 318, 373, 385
564, 480
599, 559, 334, 393, 608
376, 450, 334, 309, 332
466
463
510, 344, 434, 442, 439
597, 323, 495
427, 426
413, 356, 371
443, 348, 495
389, 346, 464, 525, 434
323, 394
568, 353, 482, 527
342
365, 444, 533, 568
430, 376, 608
456
509, 421
405, 441, 450, 513, 440
456, 363, 579, 511, 615
544
381, 582
359, 357, 366
397, 590, 522
554, 387, 614, 404, 416
572, 613, 554, 568, 438
577, 416
529, 323, 535, 440
442, 415, 609, 580, 433
380, 510
400
570, 312, 576
417, 490
583, 410
448, 525, 557, 428, 416
474, 478
412, 404, 480, 489, 313
481, 347, 345
366, 350, 512, 313
581
605
485, 314
326, 414, 588, 367
404, 595, 477, 523
518
426, 337, 372, 313, 582
609, 393, 465, 499
524, 322, 541, 355, 338
474, 609, 429
553
308, 305
609, 305, 576, 345, 568
511
609, 525, 345, 549
369, 537, 565, 573
367, 547, 306
410
581, 428, 320, 408
559
354, 324
393, 378, 500, 452
570, 457, 613
342
399, 459, 412
374
304, 320, 460, 402
442, 487, 356, 504
407, 505, 499, 575, 556
563, 574
451, 442, 473, 387
550
485
480, 342, 502
401, 573
530, 510
448
520, 380
591, 489, 557
468, 436, 438
479
472, 302, 353
452, 593
587, 502
505, 610
612, 342, 561, 337, 587
386, 422, 307
315, 324, 501, 442
368, 583, 608
501, 450, 469, 516
461, 372, 597
415, 358, 392, 417, 373
393
375, 579, 444, 461, 328
353, 338, 391
565
308
569, 356, 336, 457
584
617, 562, 561, 564, 390
426, 438, 317, 440
613, 447, 491, 349, 459
390
425
451, 514, 475, 421
550, 558
503, 607, 412, 546, 442
335, 332
442, 550, 379
508
442, 377, 546
408, 373, 332, 529, 412
619, 477
318, 603, 494
431
374, 426
348, 339, 403, 485
544, 596, 345
439, 385, 420, 495, 459
546, 319, 582, 519
446, 432
537, 534, 411, 437
603
566, 330
446, 304, 424
374, 574, 377, 309
345, 613, 525, 330
548, 357
546, 531, 467
520, 551, 431, 573
423
616, 615, 532, 526
367, 519, 512
490, 327, 309, 306
454, 366, 391, 332
564
315, 598
366, 521, 460, 321, 605
503, 389, 496
336, 618, 597
303, 333, 540
312, 544, 482
315
385
438, 522, 598, 343, 558
494, 368, 456, 469, 399
448, 619, 305, 599
424, 553, 502
483, 528
558, 335, 392
513, 547, 370, 474, 471
390, 503, 396, 454, 360
315
544, 535
595, 429, 503, 319
404, 511
577, 514, 338, 441, 324
559, 486
390, 600, 414
424, 507
438, 461, 388, 558, 331
329, 381, 572, 364
465
437
374
374, 448
514, 595, 465, 449, 359
508, 476, 382, 454, 575
595, 535, 311
452, 395, 421, 450
336, 502, 541, 420, 481
380
365, 556, 559, 316, 577
303
318
316, 346, 534, 410, 487
396, 575, 423, 604, 561
427, 553, 478, 523
313
577, 480, 367, 424, 546
545
548, 535, 491
546, 443, 563, 448, 342
319, 473, 312, 455, 446
424
393
346
561, 548, 532, 616
560, 509
448
362, 592, 607
516, 492, 603, 534
615
354
450
568
509, 565, 528, 485
577, 504, 354, 545, 525
388, 565, 606, 425, 519
606, 619, 536
477, 466, 568, 613
486, 545, 608, 571, 320
601, 605, 607
426, 350, 399, 568
563, 379
607, 417, 521, 486, 429
602, 600, 452, 378, 513
556
582, 565, 554, 590
381, 441
413, 509
501, 499, 543, 493, 389
492, 574, 439, 509
530, 433, 453, 357, 389
367, 349, 551, 506
449, 512, 499, 561
320
390, 592
388, 474, 522
543, 343, 427, 413
573, 477, 385
401, 425
525, 598, 340
561, 509, 504, 378, 508
308, 366, 394
597, 353, 450, 301
479, 547
445, 321
594, 337, 479, 377
618, 413, 394, 478
611, 498
589, 370, 347, 317, 530
328, 334, 317, 364
488, 327, 482
