761, 1247
1017, 1315, 1348
904
1283, 1083, 983, 758, 1407
1207, 1463
979, 777, 790, 793, 1440
992, 1472, 952, 1360
994, 1377, 867
756, 1024, 1493, 952
948, 905
814, 1428, 807
923, 964, 854, 844, 781
1225, 828, 1487, 1464, 1227
1272, 1375, 1298, 782, 1031
1370, 1196
1393, 1339
1377, 1008
1299
813, 837
1276
900
928, 811
1209
1193
827, 760, 1175
1391, 864, 933, 1244
1430
822, 1323, 960
1413, 1351, 998, 1295, 1150
1218, 1473, 1098, 1020, 1211
946, 1415, 1316
826
1434, 982, 1249
1243, 1186
1098
802, 1204, 913, 1247
1100, 1150, 1449, 1112, 903
1011, 1058
1011, 1469
1220, 1295, 1017
1299, 1078
1157, 1293, 1080, 880, 953
879, 861, 1430
889, 939, 1464
1036, 797, 1435, 921
993, 1210, 1304, 854, 966
1498, 1044, 1137, 1039
1321, 1306, 1073, 1128
803, 1240, 987, 1388
982, 959, 977
1171, 1319, 1148, 1117, 1091
947, 1050, 1025, 1026
787, 1344, 910
1300
834
1421, 934
776, 1265
1224, 912
1205, 888, 1262
1115
1051, 983, 1101
1302, 815
821, 1437, 857
822, 1186
1113
1399, 863, 1391, 1270, 1449
1087, 814, 1186
1347, 1454
1320, 1337, 1269
1045, 847
994, 945, 906, 1005, 1018
1442, 1019, 1175
1375, 1372, 891, 1367, 1020
785, 762, 1304
967, 916
1038, 1364, 1182, 1377
909
766, 1185, 1213
1237, 1091, 1381, 1275, 1242
897, 1222, 876
1456, 1389
1243, 1467
888, 1397, 1387
1016, 837
918, 1143, 1109, 1217
1401, 938, 819
1407, 1470
890, 964, 1371, 1276, 1026
1454, 928, 1020, 1360
1358, 1280, 1405
1188, 1249, 1142
1199
825, 1237, 1188, 1366, 1020
1202, 1081, 1304
1387
1209, 1199, 1497, 1456
847, 851, 836
1340, 772, 844, 1111
1015, 938
859
1181, 1051, 1382, 1037
1392, 830, 1137, 1037
806, 986, 830, 1158
1477, 1396, 876, 1135
1297, 980
1056, 1332, 1160
838
1139, 1237, 861, 946, 1422
811, 1105, 1041, 1226, 1399
1391
914, 1038, 1150, 932
1130, 1454, 1266
1441, 1142, 1341, 1148, 1241
956
790, 1463, 1491, 892, 1016
800, 1198, 1062, 1391, 1139
1153, 908, 820, 764, 1229
1012, 1487, 1238, 1237
1082, 1250
1036, 1387
1432, 1198, 1102
1397, 1497
928, 1239
1009
1444, 1461, 819
1095, 1449, 1451, 1036
827
1106, 1082, 1319, 1073
1103, 869, 1474
1147
974, 865
1437, 1120, 1445, 804, 898
1263, 1098, 944
912, 998, 1103
1388, 842, 1007
859
1308
1142, 1069, 1003, 1476, 943
836, 1036, 1106, 1066
1033, 1099, 1243
1246, 1468, 1078, 1348, 1385
1162, 1454
1142, 1411
780, 756
1193
1065, 1447, 1094
1434, 1029, 1056, 1053
869, 1389
1051
860, 900
928
955, 947, 1369
920, 833
1227, 1356
1382, 949, 1348
978, 1275, 804, 908, 1337
994, 873
847, 1041, 1448, 750, 1393
1484, 1150, 1271, 1390
939, 1280, 834, 1330, 907
1328, 1226, 935, 1243, 1022
1004, 1146, 885, 909, 966
1466, 823, 1360, 1292, 1386
802, 1208
849, 1214, 1109
1333, 1239, 1290, 1277, 1411
1422, 1098, 1157
837
859, 1090
1492, 1402
1237, 1397
1169
878, 798
1254, 1141, 1209, 1308
1180, 966, 1049
889
1256, 1113, 1066
1207, 1091
1225, 974, 1071, 1329, 1268
1497, 1309
1465, 1059, 1089
978, 1246, 1250, 937, 1204
960, 1368, 1076, 1240
1307, 908, 924, 1147, 1085
1435, 876, 1409, 1419, 1277
962
840, 1370
828, 835, 1117, 764
963
1450, 1423, 1302
1174, 1243
830, 918
1446, 1432, 1214, 1478
864, 813, 881
1034
857, 909, 1475
838, 1127, 1228
1116, 1134, 854, 753, 769
1428
1411, 1037, 1332, 1389
988, 1176, 927, 1031, 1234
867, 904, 1354
988, 1233, 1113
1060, 1387, 1378, 1130
1172, 769, 953, 1147
1457, 832
862, 1448
1287
1015, 1466, 1283, 1025
984
840, 1448, 1301
839, 994, 1486, 1088, 1092
1059, 1317, 818, 1236, 1426
1134, 908, 1341, 1274, 1080
1241, 1369, 1464, 1346, 933
1324, 1164
1082, 992, 1406
834, 1135
1475, 1049, 1315
1203, 1331, 1338, 1218, 1192
1357, 907, 1116, 1223
1226
1282, 1487, 1129, 1028, 805
1328
1272
769, 1075, 1181, 1434, 1411
840
1249, 858
1388
1157, 792
1207
1265, 1076, 770, 1435
1109, 1167, 1175
1389
887
1469, 1381
1148, 759, 1374, 1072
1214, 1412, 1404, 889
897, 879, 1450
1210, 1255
1361, 1439, 1414, 1350, 880
1395, 958
1110, 839, 1066
1219, 1167
1251, 786, 1389, 996, 1134
1129, 1278, 997
1344, 1131, 1263
947, 1316
793
1211, 1283
1215
921, 1395, 1464, 1115, 1145
1309, 876, 1214, 1057
1358, 860, 867
1103, 1337, 1197, 799
875, 1256
1100, 810, 798
894, 1350, 1197, 1397
1408, 1449
1019
955, 1306, 1077, 1281, 1387
940, 1189, 888, 936, 1275
1287, 1330, 925, 897
995
896
1207, 1124, 1256, 1412
1009, 786
1344, 938, 827
839, 1276, 1267, 1494
1318, 1264, 1249, 1284
1146, 859, 830
898
1493, 1364, 1016, 1432, 1347
870
1366
1355, 1498
944
800
1193
1486, 1462
964
1305, 1008, 1059, 1306, 1461
1022, 1276, 896, 1362, 944
1242, 1287, 1402, 1435, 1170
758, 1103, 1401, 1079
752, 958, 1076
1351, 1279, 1405, 1380
1320
1403
1240, 878
988, 1211, 1179, 1470
1042, 1489, 807, 986
758, 797
1098, 1043, 1090, 1259
920, 1381, 1162
754, 1126, 1075, 1291
835, 1241, 1335, 1279, 1092
995, 812
1273, 1117, 973, 1039
1264, 1053
1470, 996, 1163, 925, 827
941, 1403
1481, 842, 1049, 1265, 841
1104
1346, 1046, 872, 1289
1387, 1467
1222, 800
1401, 1013
866, 1355, 1434
901, 1151, 1032, 1351, 784
1145, 1301, 1071, 919, 1438
1436, 1371, 1031, 1273, 1353
1129, 865, 954
897, 963, 1341
1085, 914, 1335
800, 929
810, 1290, 752
1237, 987, 1261, 1215, 1219
1056, 827, 1300, 1414
1025, 1301, 1106, 1264
1259, 775, 1140, 1328, 1170
1235, 927
1270
1025, 1326, 1361, 1356
1027, 1168
1268, 996
1387
1344
1317, 892, 1030, 981
1239
879
1223, 1299, 801, 785
881
937, 1042
1266, 1172, 999
1391, 1129
765
1394, 1197
1170, 1444
978
1236, 1197
789, 958, 791, 779, 813
1114, 965, 1330
1438, 975, 1158
1003, 1220, 804, 778, 1201
781
1029, 915
959, 1334, 833
1449
1266, 1027, 1463
1457, 1389, 1031, 758
1331, 1495
766, 1039, 944
1197, 1084
1232, 1155, 1304
1227, 1073, 1447, 773
897
1134, 1294, 764
1075, 1347, 774, 1315, 1031
1413
1079, 864
978, 1445, 1305
1447, 1064, 1159, 1385, 942
818, 1476, 857, 1171, 1077
1079, 1268, 1016, 1408, 757
965, 1082
1116, 1264, 1112, 1462
787, 885, 1482
970, 1444, 824
1108, 819, 1331
1204, 1026
1305, 1040, 1225, 1061, 1227
1109
1338, 750, 1384, 1183
1192, 1387, 1371, 1455, 989
1419
1210, 943, 1489
1091, 1009, 1018, 1409
1199, 1359, 1136
1437, 1246, 1098, 1269, 968
899, 1202, 1079
1316
1486, 1144, 1497
832, 794, 1199
935, 1141, 828, 1243, 1498
1156, 933, 1224
1466, 1420, 809
1456, 1156
863, 952
1125, 1070, 1132, 1123
969, 775, 776, 875
1455
840
1054, 1163
1356
1079
807, 898, 1337
1195
1333, 1073
1057, 1206, 799
849
1382, 1106, 1055, 766
799, 1050, 893, 982
1366
1483, 1275, 1076, 1134
945
1192, 1254, 1066, 1350
1364, 1257
1259, 1474, 871
1164, 1383, 1266
764, 876
1033, 950, 1430, 1147
1101, 1077, 1144
858, 764
898, 1187, 827, 1147
1339
905, 1343, 815
1450
1444
1406, 917
833
1439, 758, 912, 1396, 1206
822, 860
1337
1026, 1277, 828
1317, 1153
1036, 867, 1199
1424, 1391, 878, 818, 1498
1327, 865, 1126, 1439
821, 924
854, 963, 911, 1281
897
1116, 1020
1484, 1071, 768
829, 1077
883, 1484, 1033, 1140, 1158
960, 835
1228, 1149
1281, 1034, 1086
1032, 1313, 986
1495
1350
844, 834, 1423, 1470
989, 1434, 1485, 1290, 814
1294, 1054
1454, 1406, 1088, 815, 1305
874
1332, 1376, 1429, 947, 1169
1024, 1323, 1406, 1038, 1190
1222, 1023, 980
1322, 979, 1427, 1211
1168, 1084
1159, 1052, 1148, 1095
1346, 1498, 1219, 1293
1362, 803, 1366
847, 1189
1490
1253, 771
924, 909
1255, 1452, 1044
1054, 1412, 975
1093, 1004, 972
1102
1308, 1439, 886, 834, 1336
1080
939, 1136, 795
1297, 1402, 1451
915, 847
905
928
1295, 935
1496, 1091, 1144
1271
1208
1090, 983
1212, 930, 1047
1355, 1305, 1120, 1166
871, 1456
1056
846, 1314, 1213
1281, 792, 1429, 1437
848, 981, 1278, 1435
1149, 1079
789, 874
1094
858
770, 1463, 1274, 1357, 805
973, 994, 866, 1294, 1421
1126, 1192, 997
777, 826, 1409
1286
931, 1452, 1271, 807, 1310
1357, 819, 929, 957
1132, 1480, 820, 880, 1249
955
1167, 1267, 831, 1090
1318
842, 970, 1486
1257, 1200
1183, 1354, 1411, 1492
