0
1
2
3
4
5
6
7
8
9
10
11
12
13
14
15
16
17
18
19
20
21
22
23
24
25
26
27
28
29
30
31
32
33
34
35
36
37
38
39
40
41
42
43
44
45
46
47
48
49
50
51
52
53
54
55
56
57
58
59
60
61
62
63
64
65
66
67
68
69
70
71
72
73
74
75
76
77
78
79
80
81
82
83
84
85
86
87
88
89
90
91
92
93
94
95
96
97
98
99
100
101
102
103
104
105
106
107
108
109
110
111
112
113
114
115
116
117
118
119
120
121
122
123
124
125
126
127
128
129
130
131
132
133
134
135
136
137
138
139
140
141
142
143
144
145
146
147
148
149
150
151
152
153
154
155
156
157
158
159
160
161
162
163
164
165
166
167
168
169
170
171
172
173
174
175
176
177
178
179
180
181
182
183
184
185
186
187
188
189
190
191
192
193
194
195
196
197
198
199
200
201
202
203
204
205
206
207
208
209
210
211
212
213
214
215
216
217
218
219
220
221
222
223
224
225
226
227
228
229
230
231
232
233
234
235
236
237
238
239
240
241
242
243
244
245
246
247
248
249
29, 163, 95
90, 10, 51, 177, 88, 22
17, 91, 117, 238, 180, 134, 120
62, 192, 151
74
255
23, 125, 70, 246, 37, 170, 131, 46
235, 214, 197, 124, 63
1, 101, 193, 149, 43
259
237, 245, 221, 225, 9
9, 244, 197, 139, 107, 116, 148
106, 101, 96, 25, 156, 162
145, 109, 84, 86
27, 49, 192, 47, 100
17
70, 153, 75, 12, 54
267
188, 72, 237, 189, 209, 197, 3
75, 220, 212, 249, 46, 148, 126, 138
243, 46, 63, 41
241
130, 139, 56, 207, 179, 199, 159
205, 194, 227
274
172, 11, 146, 237
173, 34, 76, 234, 108, 144, 9
277
219, 135, 16, 30, 179, 100, 191, 197
13, 181
76, 34, 74, 161, 242
33, 43, 179
282
249, 3, 110, 168, 99, 186
203
236
44, 95, 88, 215
40, 104, 228, 187, 230
48, 205, 63, 59, 67, 148, 106
88, 15
290
119, 235, 19, 225, 201, 20
46, 168, 201, 169
52, 162, 186, 85, 143, 46, 141, 103
34
6, 25, 122, 109, 71
186, 3, 216, 209, 130
59, 66, 46, 183, 238, 55, 118
111, 238, 33, 124
84, 34, 228, 188, 6, 244, 89
300
120, 75, 89, 7, 119, 66, 21
162, 120, 113, 223, 55, 132
80, 214, 39
304
122, 189, 34, 160, 50, 196
104, 94, 84
185, 199, 116, 159, 138, 163, 38
121, 81, 170, 175, 95, 14, 57, 98
42, 234, 203, 217, 108, 8
310
44
108, 36, 249, 111, 0, 150, 117
33, 216, 170, 132
112, 191, 13, 104, 128, 67
0, 237, 243, 14, 235, 66, 213, 18
110, 97, 172, 138, 152
317
150, 87, 40
0, 87, 76, 2
320
321
77, 134, 10
30
40, 199, 164
94, 144, 128, 34, 213
19, 156, 103
134
0, 189, 170, 88
43, 96, 242
32, 231
18, 99, 187, 217, 4, 44, 135, 108
41, 47, 222, 123, 32, 154, 138
185, 63, 174, 137, 230, 70
85, 155, 60, 158, 15
158, 108
42, 232, 153, 190
188, 81, 132, 180
106
339
27, 196, 126, 94
16, 40, 166, 147
125, 171, 204
146, 171, 76, 61, 216
8, 104, 191, 235
67, 130
244, 174, 228, 54, 151, 195
347
140, 200, 106, 207
349
248, 76, 10, 30
49, 184, 213, 66, 227
64, 166, 12, 37
23, 175, 144
197, 160, 53, 205, 117, 103
95, 239, 163
248, 171
239, 155, 188, 160
33, 78, 62, 248, 188, 102
49, 22, 161, 60
147, 61, 248, 18, 112, 130, 213, 160
215, 83, 162, 12
70, 131, 38
363
100, 73, 41, 121
212, 12, 236
366
103, 243, 18, 90, 89, 16
233, 185, 71
144, 121, 68
170, 167, 49, 48, 123, 155, 181
4
181, 40, 207, 148, 183
140, 191, 136
69, 93, 31
241, 92, 179, 159, 244
77, 54
142, 15, 36, 151, 103, 230, 220
119, 141, 218, 135, 95, 152
146, 247, 89, 188, 37, 115
153, 9, 84
241, 224
208, 152, 33, 16
22, 88, 82, 18, 217, 20
175
17
63, 55, 205
139, 74, 1, 119
18
10
207, 211, 233, 106, 130, 2
246, 197, 100
392
393
243, 153, 97
9, 215, 177, 5
47, 135, 78
125, 208, 117, 98, 41, 134
232, 21, 130
43, 126
152, 155, 188, 99
106, 193, 111, 20, 101
74, 14, 35
152, 245, 139, 170, 98, 213
224, 27, 1, 133, 36, 92
405
406
10, 76, 44, 230
35, 103, 96, 243, 206, 51
61, 41, 243, 28
115
411
220, 113, 185, 97, 221, 29, 53
243
414
195, 206, 133, 140, 108, 49, 146
136, 32, 58, 201, 227
22, 90, 162, 47, 79, 156
45, 17, 207, 21, 107, 92
419
146, 72, 3, 186, 148, 132, 29
202, 68
181, 214, 167
220, 153, 113
104, 11
90, 70, 102, 211, 101
241, 16, 209, 179, 193, 164
153, 144, 216, 202, 241, 182, 32
428
20, 208, 167, 132, 118, 71, 245, 229
168
185, 196, 161, 31, 179, 142, 80, 52
98, 149
214, 60, 226, 202, 3, 47, 80
245, 127, 173
201, 206, 11, 184, 144, 208, 214
227, 54, 94, 71, 81, 129, 182
96
438
167, 49, 86, 140, 27, 147
122, 38, 82
441
100
11, 152
103, 135, 174, 221, 222, 19, 77
177, 21, 135, 196
54, 97, 83, 8, 190, 240
158, 25, 5, 169
74, 201, 40, 10, 146, 220, 26, 61
20
231, 40, 6, 119
53, 149, 249
113, 143, 4, 154, 31, 97
453
78, 144, 20, 97, 31, 186, 159
211
207, 246, 45, 174, 218, 52, 56
142, 74, 242, 184, 232
183, 44, 0, 85
63
110, 186, 85, 62
461
135, 98, 243, 5, 211, 229, 58, 79
186, 123
123, 140, 111, 74
190, 157, 100, 98, 140, 74, 239, 88
1, 120, 204, 194
25, 32
193, 33, 54, 75, 208, 232
74, 50, 91, 84, 35, 16
232, 177, 249
97, 193, 200, 151, 144, 82, 9, 133
238, 152, 87
226, 69, 206, 29
94, 46, 71, 143, 177, 191, 20, 185
248, 102, 103, 222, 188, 14
157, 159, 101
84, 24, 133, 100, 49, 70, 192, 206
9, 224, 171, 193, 132
19, 231, 22
42, 96
208, 141, 129, 82, 212, 98
127, 52, 126, 88
23, 117, 215, 150, 47, 50
13, 166, 0, 3
188, 227
102, 5, 112, 65, 207, 135, 141
182, 215, 175, 33, 165
488
15, 244
94, 107, 67, 45, 225, 29, 195
32, 239, 199, 217
178, 186, 204, 195, 190, 62, 84
4, 13
65, 123, 40
109, 205, 190, 176, 82
96, 187, 106, 124, 170, 95, 178
188, 75, 118, 160, 58, 79, 18, 95
124, 156, 223, 215, 64, 40, 157, 196
499
99, 38, 224, 110, 194
48, 15, 213, 83, 169, 3, 68
502
55, 165, 190, 113, 67, 111, 183, 9
16
49
196, 23
51, 24, 216, 208, 85, 179, 15, 55
64
102, 27, 131, 233
200, 84, 101, 18
175, 82, 0
512
240, 111
64, 160, 29, 100, 150, 71, 138, 170
175, 109, 194
2, 67, 202, 104, 95, 179, 61
83, 132, 104, 195, 109, 61
518
11, 198, 117, 37, 19, 102, 150, 236
204, 181, 164, 194, 237, 169, 156, 134
77, 172, 50, 3, 108
238
28, 62, 165
75
147, 36, 93, 49, 47
104, 59, 126, 87
209, 10, 68, 11, 242, 238, 247
108, 220, 75, 90, 160, 110, 5, 203
196, 57, 96
41, 168, 208, 193, 121
205, 91, 243
167, 65, 244, 158
11, 174
29
176, 241, 175
41, 137, 44, 63, 201, 194, 151, 38
164, 41, 166, 232, 206
216, 180, 146, 53, 56, 112, 215
208, 157
128, 69, 94, 157, 246, 1, 168, 190
25, 240, 242, 189, 246
156, 136, 146, 240
234, 233, 111
181, 225, 25
221, 2, 170, 233, 238, 88, 169
195, 187
111, 180, 13, 120, 205, 37, 9
228, 116, 61, 143, 107
43, 248, 236, 87, 124, 107, 196, 77
124, 185, 177
140, 89
125, 104, 149
179, 161, 200, 208, 13, 84, 43, 125
93, 137, 158, 16, 161, 224
49, 113, 140, 149, 15
122, 216, 149, 31, 78
96, 206, 74, 17, 29, 210, 202, 12
59, 163, 180, 17, 98, 178, 108, 224
155, 234, 54, 123, 192, 242, 205
66, 173, 118, 157, 129, 84, 99
195
115, 188, 84, 172, 75
216, 247, 209, 200
150, 149, 249, 244
238, 239, 18, 40, 85, 189
566
138, 238, 103, 153, 28, 169, 67
122, 58
28, 29, 120, 87, 46, 114, 235, 238
160, 220, 191
49, 197, 199
231
68, 170, 51, 154, 126
196, 81, 63, 2, 1
215, 160, 159, 21
576
23, 75, 142, 234, 89
46, 0
68, 21, 194
31, 11
238, 150, 149, 213, 228
6, 210, 63, 184, 7, 160, 228, 131
242, 129, 110, 131, 62, 200, 146
584
95, 213, 54
166, 42, 142, 159, 244, 82, 149, 86
587
1, 69, 45
136, 0, 82, 229
65, 202, 194, 110, 27
591
8
178, 68, 113
228, 57
141, 75
56, 200, 78
113, 48, 37, 6
167, 84, 186, 31, 19, 204, 189
599
23, 244
243, 237, 100, 171, 20, 236, 14, 241
159, 229, 17, 176, 11, 181, 239, 235
108, 200, 63, 192, 238, 120, 111, 161
140
605
606
51, 167, 230, 91, 152
56, 106, 139, 198
609
105, 7, 41, 129
4, 226, 120, 75, 183, 132
171, 46, 138, 212, 111, 41
613
63, 122, 244
12, 129, 46, 203
23, 3, 80, 213, 241
137
79, 24, 245, 161, 229, 29
25
193, 95, 133, 62, 53, 111
35, 106, 90, 16
147, 63, 56, 146, 57, 179, 24, 68
222, 122, 16, 206
67, 223, 246, 85
208, 127
144, 50, 159, 182, 218, 189, 197
248, 140, 216, 17, 213, 67, 239, 68
70, 167, 230, 58, 124, 61, 105, 188
1, 33, 76, 99, 34, 154
10
57, 237, 149
23, 171, 135, 142, 116, 241, 208
77, 230, 166
8, 54
167, 197, 40, 177, 230
13, 200
184, 199, 80
165, 245, 220, 189, 127, 23, 78, 66
639
212, 42, 64, 125, 182, 107, 124
102, 43, 164, 75
134, 219, 53, 112, 200
71, 104, 138, 25, 3
144, 162, 197, 118, 166, 103, 14, 198
16, 31, 92, 132, 12, 114, 239, 80
151, 33, 15, 199, 31, 239, 195
126, 1, 191
31, 231, 181, 113, 23, 135, 4
187, 46, 203, 12, 243
95, 146
95, 154, 219, 40, 226, 159
215, 43, 41
5, 38, 203, 134
104, 210, 51, 248, 129
82, 95, 30
214, 147, 136, 161
58, 19, 20, 174, 62
239, 231, 182, 164, 35, 139, 98
114, 106, 19, 75
95, 93, 241
140, 32, 117, 103, 248, 44, 70, 195
19, 153, 3, 67, 66, 58
663
140, 17, 71
117, 112, 166, 70
157, 78, 205
667
65, 159
226, 203, 197, 4, 9, 242
159, 40, 218
50, 123
77, 203, 75, 191
118
228, 136, 68, 143, 218, 147
675
180, 57, 208, 100, 33
8, 125, 212, 210, 123
18, 61, 247, 203, 92, 7, 75
162, 214, 111, 50
51, 133, 113, 125, 22
183, 132, 21, 134
115, 109, 4, 53, 203, 65
104, 227, 77
168
2
50, 192, 5, 128, 28, 1, 244
118, 173, 185, 104
101, 176, 214, 217
183, 127, 90, 157, 39, 184
224, 111, 38, 228, 16, 221, 138
56, 120, 121, 221, 103
114, 245, 189, 19, 142, 87
37, 163, 23, 108, 117, 51
150
201
114, 177, 105, 124, 150, 94
52, 172
36, 50, 51, 147
699
219, 43, 230, 143, 33, 231, 222, 233
86, 71, 226, 236, 207, 6, 107, 27
216, 205, 79, 41
45, 6, 16
132, 224, 53, 142, 95, 40, 131, 230
71, 59, 104
238, 49, 188, 239, 16
101, 4, 166, 100
708
188, 58, 173, 202, 16, 204, 57, 70
78, 177, 19, 217, 98
183, 182
68, 34, 227, 192
153, 4, 148, 160, 135, 32
155, 12, 217, 198, 20, 36, 183, 202
715
716
146, 172, 27
176, 138
20, 133, 80, 208, 205, 145
26, 204, 166, 44, 110
70, 14, 159
78, 1, 107, 111, 164, 73, 209
237, 233, 11, 167
153, 110, 80, 50, 115
6, 173, 83, 22, 126
97, 60, 44, 127, 52, 225
18, 133
136, 25, 131, 105, 76
12, 21, 220, 119, 100, 204, 123, 51
181, 19, 193, 118, 242, 11, 112, 216
14, 40
145, 111, 61, 170, 157
104, 155, 29, 66, 91, 152, 157, 170
164, 169, 194, 27, 136, 218
190, 102, 32, 242, 61, 119, 99, 27
36, 123, 101, 71, 66
169, 223, 54, 196, 28
738
10, 219, 132, 92, 57, 152, 232, 43
1, 99, 224, 248, 38
132, 82, 123, 165, 86, 99, 51
137
228, 157
40, 233, 34
104, 216, 127, 101
746
186, 148, 193, 152, 217, 47, 131
748
749
750
747, 466
437
753
302, 508
454, 654
343
595
595
606, 389
760
761
449
460, 357
671, 558
366
544, 431
767
337
350, 416
628
771
422, 343
773
774
372
467, 555
424
426
486
712
429, 539
609, 721
783
584, 650
665
617, 352
250, 297
616
441, 693
709
319, 427
792
488, 524
653
290, 571
276
417
601
318, 504
259
389, 336
664
803
637, 457
723, 342
806
807
337, 643
519, 651
645, 709
483
812
278
814
421, 617
382
696
262
564
820
603
599, 672
589
824
352
430
480, 477
675, 329
592, 547
530
302
832
631
692, 738
835
697
837
838
839
840
572
842
843
697
633
846
847
719, 436
600, 525
850
622, 735
554, 365
503, 545
854
855
600
857
858
514
860
622
577, 340
498
663
574
592, 325
867
516
433, 622
717
403, 284
872
341, 324
492, 283
875
876
458
509, 562
380
718, 342
644, 300
553
883
443
683
573, 673
308
523
889
307, 297
448, 584
340, 255
439
690
706
454
897
898
899
576, 644
719
569, 416
285
904
905
343
283, 425
589, 505
909
578, 632
911
564, 697
296
531
360, 302
698
341
918
548
545
669, 346
725
308, 606
299, 480
698
302
927
928
929
641, 338
931
558, 263
933
934
935
692
937
571
581, 278
303
458
479, 299
427, 345
944
475, 449
293
520
341
314
950
951
472
406
556
675, 738
335, 745
957
494, 588
604
632
339, 552
316, 466
963
563, 433
965
623
575
324
969
365
413, 440
464, 301
681, 363
309
975
718, 330
552, 420
466, 464
979
261
981
589, 677
476, 618
697, 589
706
515, 495
987
541, 677
450, 350
726
404
347
993
740, 322
673
996
297
998
646
532, 377
1001
297, 411
301, 677
1004
502
1006
586
357, 400
1009
1010
610, 487
681
1013
1014
739, 555
615
260
580, 509
1019
1020
281, 594
722
301
251
319, 676
513
1027
567
385
694, 327
296, 543
463, 338
1033
667
705
1036
529
739
731, 728
580
354, 276
388
1043
724, 490
1045
1046
1047
707, 648
1049
716
1051
1052
460, 625
643
1055
1056
577, 705
670
1059
668
1061
334, 395
644
563, 593
1065
1066
1067
437, 305
250, 517
498
507, 291
1072
1073
519
660
453
638, 540
569
393, 692
393, 375
1081
1082
512
658, 562
713, 543
1086
721, 449
1088
1089
282
1091
587, 623
256
454, 411
476, 700
667, 339
1097
1098
546
406
265
410, 385
1103
428
278, 289
511, 662
644, 525
1108
733
1110
1111
494
636, 738
596, 662
589
1116
500
706
449, 337
1120
564, 459
543, 413
613, 491
374, 671
325, 497
1126
349
303
449
425
1131
642, 512
627
1134
1135
278, 656
463
400, 338
423, 352
548
691
351, 431
385, 585
560
256, 600
1146
1147
1148
296
305
1151
339, 381
1153
1154
703
481, 341
405
707
1159
272
514
459, 615
437, 362
1164
1165
258
412
288
1169
326, 537
1171
1172
1173
434, 348
1175
615
1177
1178
538, 277
250, 573
500, 654
580
291, 388
1184
716, 690
605
737
1188
1189
259, 519
510, 602
280, 717
1193
1194
385
551, 445
1197
307
594
672, 326
1201
392
329
1204
1205
1206
717, 597
532
407
1210
1211
518, 403
357
300, 627
491, 281
644
1217
279
414, 298
535
1221
663, 320
1223
717, 718
1225
313, 306
1227
619, 497
1229
374
1231
1232
1233
627, 701
1235
1236
312, 475
744
347, 502
1240
1241
434
376, 368
1244
1245
1246
316, 576
250
509, 348
1250
553
1252
1253
347, 540
629, 641
1256
423, 365
476
664
641
1261
273, 284
450, 263
1264
1265
280, 727
632, 544
317
671
611
1271
689, 425
368
1274
492, 480
658
547, 688
617
478, 423
578
560, 546
1282
282, 614
739, 343
660
1286
530, 681
364
512, 403
605
1291
486, 739
613
662
625, 499
1296
577, 520
271
425, 451
729, 306
638
732, 578
1303
304
1305
1306
480
699
1309
1310
642
675
320, 565
297
356
1316
673
270
1319
559
1321
441
1323
387, 253
309, 433
1326
1327
309
468
1330
627
749
1333
1334
565, 700
1336
628
399, 632
466
701, 421
266
1342
602, 716
1344
336, 722
453
1347
1348
521
1350
517, 346
384
1353
1354
1355
682
347, 349
1358
480
317, 627
1361
703, 435
620, 435
335
716
1366
1367
451
254
1370
573
586
353, 323
458, 418
1375
486
1377
1378
378, 511
1380
361, 385
470, 730
420, 443
1384
1385
1386
1387
1388
1389
1390
410
286, 624
438, 563
565
682
1396
1397
559
523, 665
1400
561, 342
564
572, 351
465, 454
742, 584
1406
1407
1408
724, 718
1410
337
678
414
1414
1415
561, 641
1417
565
1419
705
1421
382, 625
1423
330, 566
287, 298
532, 310
691
706
288
495, 724
518, 713
359, 354
1433
1434
731, 491
282, 251
589, 587
1438
365
1440
1441
1442
571, 606
694
269, 308
1446
435, 310
539
1449
558, 527
397, 433
1452
1453
638
1455
663, 263
594
715, 257
1459
612, 733
1461
300
282
1464
433
1466
1467
1468
605, 378
1470
253
461, 505
374, 698
1474
664
1476
606
457, 401
1479
426
471, 634
553
488
1484
478, 382
389
444
287
647, 676
348, 310
659
383
1493
1494
722
477
1497
254, 445
711
