2526, 2888, 2760, 2961
2970, 2769, 2782, 3074, 3188
3076, 2847
2503, 3084
2707, 2510, 2936, 3103, 2614
2667
3187, 2674, 2845, 3041, 2764
2852, 2806, 2573
3015, 3003
3052, 2651
3001, 2887
2628
2564, 2936
3186
2586
2831, 2544, 2824
2832, 2579, 3034, 2528
2877, 3092, 2921
2761
3171
3063, 2825
2971
2683, 3107, 2693, 2786
2809, 3214, 3001
3154, 3010
2676, 2623, 2583, 3155
2666, 2644, 3125, 2648
3069, 2856
2738, 3150, 2920, 2847
3031
3152, 3207, 2931, 3196, 2856
2882, 3028
2504, 2651, 3168, 2740
3014, 2969
2784, 3127, 3239, 2962
3034
2763, 2758, 2590, 3056, 3017
3079, 3006
2622, 3137
2866, 3218, 3186, 3241, 3212
2582, 2549, 3038, 3102
2591, 2754, 3059
3025, 3133, 2543
3189, 2884, 3202, 2566, 3232
2537, 2500, 2868, 2821, 2756
3084, 3043, 2958, 3026
2919, 2748
2949, 2626, 3078, 3001
2614
2741, 2875, 3083, 2589, 2671
3010, 3207, 2680, 2514, 3095
3033, 2674, 3124
3124, 3083, 2550, 2761, 2793
3181, 2576
2818, 3017, 3194, 3121, 2735
2765
3187, 2796, 2885, 3015, 3092
2926
3243
2504, 2808, 2898
3195
2793
3122, 2898, 3042, 3051
3126
2628, 3109, 3009, 2979, 2962
3104, 2693, 2973, 2682, 3111
2773, 2635, 3131, 2598, 3116
2953
2940
2959, 3155, 3073, 2743, 3148
3055, 2589, 2696, 3003
2804, 3018, 3003
2500, 2861, 2627, 2662
2652, 2804, 2545
3002
2681, 2732
2760, 2604
2810, 2831, 2869
2559
2750, 2853
3149, 3244
2844, 2714
2650, 2561, 3099
2738, 2950, 2645
3102
2609
2549, 2757, 2810
2694
2843, 2569, 2631, 2802
3173
3231
3097, 3045, 2948, 3244
2790, 2928, 2503
2937, 3117
3047, 2516
2708, 2521, 2520, 3134
2656, 3173, 2902, 3212, 2512
2514, 3135, 2574, 2790
2759, 2530, 3192, 3043, 3116
2865, 2737, 3209
2639, 2700, 2576, 2965
3214, 3047
2853, 2876, 2579, 2784
2766, 2720, 2667, 2729, 2682
3132, 3094, 2600, 3203, 3100
2565
2771, 2778, 3101
2518, 2503, 3028, 3052
2964, 2887, 2967, 2894
3185, 2690, 3076, 3170, 2540
2637
2721
2975, 2556
2612, 2714, 3170, 2877, 2899
2810, 2842, 2943
3098, 2572, 2538, 2642
3200, 2635
2604, 2864
3015, 2968, 3122, 3027
2825, 2917, 2547
3102, 3169, 2726
3249
3175, 3154, 2982
2698, 2758
3246, 2829, 2516, 3216
3085, 3107, 2693, 2940
2990, 2722
3046
2967, 3044, 2892, 3233
2976, 2771, 2651, 2684, 2783
2642
2861, 2649, 2672, 3133, 2503
2891, 3005
3246, 3076, 3187
3141, 3065
3060, 2741, 2575
2949, 3134, 2788, 2824
3088, 3068, 2577
2905
2700, 2874
2848
3224, 2911, 2842, 3225, 2873
3039
2893
2581, 3077
2856
3121, 2602
2850
3162, 2870, 3005
3057, 3210, 2785, 2769, 2999
2576, 2844, 2808, 2716, 2798
2726, 3017, 2548
2754, 2552, 2945
3233, 2578
2901, 2731, 2968
2772, 2692, 2739, 2859, 2553
3069, 2552, 3143, 2698
2526, 2878
2949
2774, 2995, 2517, 2552
2739, 2550
2642, 2960, 2500
2697, 2769, 2826, 3112, 2719
3231, 2670
3070, 3018
3212
2529
2879, 2858, 3230
2669, 2517, 2610
3084, 2726, 3074, 2902, 2551
2739, 3011, 2766
2565, 2842, 2719, 2506, 3111
2649, 3106, 2534
3207, 3121, 2816, 2768, 2823
2754
2898
3120, 3001, 2568
2605, 3106
3169, 2777, 2836, 2554
2863, 2757, 3008, 2864, 3019
3182, 2825, 2823
3177, 3100, 2637
2628
2774, 2792, 2930, 3044
3186
2855, 2927, 3015, 2714
3133, 2747, 2897, 2872
3077, 2909
2774, 2585, 2750
2780, 2611
3161, 3112, 2562, 2702, 2675
3070, 2985, 3057, 3142, 2709
2978, 2937
3099, 3125, 2709
2759, 2595
2660, 3233, 2745, 2982, 2670
3162, 2578, 2687
2835, 2828, 2857, 2996
2698
3083, 3236, 2665, 2679, 3021
2763, 2972, 2750, 3070, 3064
3024, 3151
2824, 2896, 2508, 2754, 3200
3180, 2690, 3239, 3246
2823, 3179, 2531, 2690, 2767
2675, 2638, 2530, 2581
3085, 2816
3040, 3169, 2534, 2706, 2722
2762, 3100, 2553
2766, 2597
2836, 2669, 2875
3024, 2511, 2886, 2920
2670, 3036
3168, 3071, 2838, 2794, 2949
3043, 2603, 2579, 3138, 2827
2579
2582, 3096, 2585, 2788
2578
3018, 3214, 2733, 3073
3153, 2529
3054, 3219, 3145
3247, 2784
2852, 3157, 2932, 2521, 2954
2557
2758, 3093, 3193
3171
2613
2756, 2938, 3175
2999
2780, 2985, 2753
2775, 3179, 2613
3158, 2991, 3106, 2959, 2953
2740
2518, 3084, 2641
3091, 3120
2841
3084, 2833, 3133
2530, 2675
3094, 3230
3103, 2740, 2576, 2845
3181
2578, 3087
2706, 2618, 3112, 2579
3238, 3132, 3028, 2938
3169, 2930
2749, 2526, 2664
2563, 3129, 3236, 2767, 3243
2738, 2866
2793, 2895, 2657
2621, 2986
3048
2602
2541, 2518
3142, 2560
2804
3211
2881, 2556, 2912
2953
3183, 3179
2586, 3120, 2655, 2601
3059, 3090, 2682, 3138
2884, 2580, 2627
2916, 2940, 2776, 3237, 2631
3046
2535, 3193, 2845
2987
2592
2708
3233, 2614, 2836
3095, 3120
2746, 3106
3203, 2593, 3180
3079, 2939
2865, 3027, 2559, 3046, 2662
2895, 2946, 3098
2548
3153, 2517
2666, 2680
3026, 2557, 3056, 3205, 2658
2546
2814, 2516, 2842, 2840, 2794
3163, 2859, 3131
2631, 2636, 2830
3156
2736
2769, 2978, 2577, 2744
2799, 3027, 3044, 2643, 2594
3228, 3028
2655, 3221, 2950, 2850
2599, 3057
3062, 2861, 2965, 3148, 2658
2701, 2699, 2970, 2962, 3197
2706
2997, 2860, 2708
2729
3213, 2541, 3132, 2870, 2511
2611
2698, 3191
2936
2704, 2939, 2997, 2866
2685
3046
3020, 2742, 2675, 2590
3089, 2702, 2844, 2946, 2517
2631, 2856, 2727, 2692
2787, 3045, 2794
2917
2682, 2686, 2868, 2805
3040, 2526
2584, 2526, 3189, 2906
2502, 3113, 3194
2738, 3126, 3081
2879, 2523, 3199
2721, 2683, 2716, 3053, 2606
2777, 2543
2847
3137, 3142, 2707, 3127, 3010
2568
3217, 2926, 2531, 3132, 2683
2728
3133
2624, 3205, 2788
3059
2914, 2640, 2707, 2544
2982, 2683, 3146, 2810, 2881
2640, 3115, 2680, 3116
3156, 3153, 2650, 3189, 3032
2522, 2913, 3247
2951, 2777, 2522
3214
2581, 3048, 2755
2808
3190, 2510, 2557
2710, 3201
2568, 3024
2731, 2743, 3116
2884, 3027, 2675, 2740, 3066
2739
2953
2550, 2860, 2700, 2954, 3018
3099, 2669, 2622
2836, 2794
2658, 2921, 2715, 2975, 2867
2804, 2515, 2962, 3220, 2728
2769, 3131, 3177
3184, 2691
2710, 2702, 2635, 3216
2771, 3189, 3151, 2746
2600
3117
3063, 3160, 2768
2617, 2842, 3134, 2629
2746, 2652, 3040, 2623, 3190
2899
2932, 2533
2615, 3130, 2680, 3022, 3106
3038, 3034, 2789
3140, 3216, 3163, 3218, 2991
2806, 2572
3145, 2837, 2578
2811, 2539, 2646, 3116, 3008
2625
2583, 3183
2740, 3025, 3087, 3089, 2828
2632, 3178, 2915, 2964
2698, 2950, 3054
3217, 3050
2688, 3074, 2626, 2837, 2910
2987
2832, 2570, 2910, 3036
2629
3190, 3198
2686, 2915, 2882, 2623
2963, 3003, 3132, 3013, 2534
3180, 2533, 3029, 3246, 2588
2658, 2710
2824, 2649, 2849, 2981
2671, 3114, 2822, 2530
2858, 2657, 3210
2841, 2656, 3139, 2954, 2667
3005, 3192, 2889
3224, 3102, 2959
2513, 3181, 3122, 2618
3031, 2711, 2833
3062
2957
2743, 3207, 2694, 2892
2578, 3193
3139
2950
2501, 3140
3209, 2664, 3236, 3118
2994, 2595, 3148, 2937
2813, 2851, 2600
3095, 2947
2756, 3176, 3166, 2851
3154
2585, 2514
3028, 2718, 2501
2850, 2885, 2701, 2861, 2746
2772, 2515
2975, 2837, 3147, 2928
2560, 3020, 2568, 2501, 2782
3022, 2877, 2757, 2728
2978, 2543
2619
2559, 3164, 3019, 2832
3003, 2996, 2640, 3047
2619, 2926, 2539, 3139, 2905
2715
3024, 2770
2678, 2794, 2915, 2709, 2844
3220, 3243, 2654, 2502
3032, 2984, 3145
2602, 2799
2856, 3060, 2692, 3009, 3178
2731
3087
2917, 2627
2692, 3018, 2968, 2795
3185, 3141
2829, 2742, 3014
2784, 3231, 2600
2562
2514, 3084, 2801
2845
2764, 2656, 2877
3013, 2901, 3072
3051, 3144, 2978, 2577, 3084
2593, 2718, 2835, 2702, 3144
2752, 2719, 2651, 3213
3234, 3119, 2964
3130, 2667, 3053, 2572
2699, 2595, 2850, 3209, 2831
2742, 3149, 2608
3081, 2529, 2812, 3247, 3070
3060, 3021, 3245, 3228
3242, 2548, 2865, 3125
3018, 2972
2898
2837, 2816, 3159, 2800
2715, 2808
3152, 2739
2526, 3202
2691, 2782, 3000
3249, 2652, 2935, 2679
2704
2729
2786, 3051, 2544
2626, 2938
3202, 3200
2816, 2810, 2619, 2743, 2923
2503, 2543
2778, 3203, 3154, 2619
2796, 2996
2903, 2786
2677
2852
3107, 3127, 3141, 2789
2703
2796, 2801
2940, 2897, 3194, 2947
2599, 3133, 3238, 2583, 3096
2625, 2789, 2635, 3206, 3064
2969, 3002
3065, 3191
2910, 3015, 2547, 3023, 2673
2943, 2902
3186, 2853
2753, 2716, 2646, 2985
2604, 2610, 2700, 3048, 3151
2552, 2896
2614, 2909, 3156, 2575, 3005
2541, 3185, 2960, 2927, 2667
3193, 3048
3022
3237, 2526, 3207
2793
2732, 2565, 3045, 3075, 2733
2572, 2906
2973, 2557
2705, 2868, 3126, 3141
2686, 3097, 3067
3027, 3210, 2578, 2573
3033, 3135, 2962, 2692, 2901
2764, 2869, 2974
2533, 2502
2591
2945, 3056, 3148, 2726, 2807
3228
2642, 2781
3044, 2831
3113, 3125, 2985
2723, 3018
2866, 3086
2670, 2809
2801, 2897, 2778, 2507
3219, 3009, 2930, 2543
3125
2834, 3135
