0
1
2
3
4
5
6
7
8
9
10
11
12
13
14
15
16
17
18
19
20
21
22
23
24
25
26
27
28
29
30
31
32
33
34
35
36
37
38
39
40
41
42
43
44
45
46
47
48
49
50
51
52
53
54
55
56
57
58
59
60
61
62
63
64
65
66
67
68
69
70
71
72
73
74
75
76
77
78
79
80
81
82
83
84
85
86
87
88
89
90
91
92
93
94
95
96
97
98
99
100
101
102
103
104
105
106
107
108
109
110
111
112
113
114
115
116
117
118
119
120
121
122
123
124
125
126
127
128
129
130
131
132
133
134
135
136
137
138
139
140
141
142
143
144
145
146
147
148
149
150
151
152
153
154
155
156
157
158
159
160
161
162
163
164
165
166
167
168
169
170
171
172
173
174
175
176
177
178
179
180
181
182
183
184
185
186
187
188
189
190
191
192
193
194
195
196
197
198
199
200
201
202
203
204
205
206
207
208
209
210
211
212
213
214
215
216
217
218
219
220
221
222
223
224
225
226
227
228
229
230
231
232
233
234
235
236
237
238
239
240
241
242
243
244
245
246
247
248
249
0, 15, 110, 86, 220, 62, 203, 181
48, 208, 42
29, 22, 31, 146, 2, 133, 92
81, 228, 116, 104
137
87
83, 222, 180, 67, 211
150, 175, 79, 117, 105, 41
144, 141, 136, 231
98, 148
19, 179
261
41, 236, 130, 102, 7, 49, 230
14, 194, 34, 117, 153, 121, 231
156, 161, 106, 20, 3, 229, 154
203, 98, 33, 1
127, 19, 232, 205, 84
116, 81, 182, 98, 234, 47, 54
25, 106, 142, 139, 120, 2, 201, 234
87, 203, 247, 109, 17, 186
202, 230, 219
213, 2
101
148, 43
60, 87, 138
123, 167, 116, 1, 173, 12, 212
248, 212, 163, 203, 142
67, 64, 232, 45, 106
14
124, 63, 110, 213, 80, 67
160
151
20, 147, 177, 220, 174, 226
144, 67, 167, 232, 51, 132, 206, 163
112, 65
16, 68, 144, 194, 115, 5, 32, 74
13, 111, 210, 62
53, 234, 108, 25, 70, 182
120, 201
84, 94, 165, 95
171, 109, 162, 142, 187, 249, 155, 117
83, 188, 36
208, 168, 9
220, 187, 98, 177, 148
232, 98, 66, 87, 152
224, 17, 43, 154, 9, 239
122, 116, 55, 35, 212
33, 17, 187, 88, 235
48, 85, 130, 166, 172, 105, 206
162, 38
222, 94, 232, 26, 81, 42, 187
212, 42, 225, 14
302
200, 160
104, 137, 173, 79, 114, 155, 208
147
23, 25, 118, 94, 52
75, 61, 117, 202, 203, 230
308
146
11, 64, 190, 91, 78, 204, 75, 220
218, 32
124
216, 178, 204, 25, 128, 164
35, 174, 127
186, 69
0, 81, 14, 117, 240, 232
74, 39, 86, 102, 45
115
151, 73, 228, 168, 185, 178
213, 144
44, 113, 130, 54
38
145, 60, 213, 128, 11, 124, 32, 156
196, 116
188, 20, 92, 123, 219, 249
72, 47, 10, 132, 244, 95, 184
78, 186
181, 246, 132, 85
329
249
95, 100, 120, 197, 45
208, 150, 75, 146, 165, 132
110, 116, 242, 71
171, 233, 52, 72, 36, 200
153, 62
66, 140, 58, 161, 7, 234, 208
104, 134, 128, 217
212, 93, 77
66, 83, 42, 3
38
181, 167, 218, 35
96, 20, 39, 66, 249, 97
18, 182, 170, 219, 86, 227, 1, 222
220, 196, 172, 161, 9
49, 236, 81, 39, 142, 65, 73
200, 238, 155
174, 127, 187, 208, 196, 201
20, 105, 52
105
106, 231, 221, 60, 188
230, 112
66
69, 245, 83, 28, 133
35, 102, 19
148, 248, 85, 194, 225, 205
356
172, 101, 131
127, 153, 30, 146
359
133, 202, 38, 249, 246, 73
40
209, 164, 198, 91, 63, 6
55, 124, 72, 119
210, 56, 119, 140, 36, 24, 208
365
88, 218, 197, 234
53, 193, 221, 163, 227, 56, 70
186, 197, 45, 175, 15
223, 226, 14
212, 224, 97, 140
188
192, 56, 126
373
66, 31, 25, 67, 200
375
118, 53, 108, 17, 164, 230
77, 205
245, 164, 103, 24, 145, 75, 62
210, 200, 73, 17, 148
4, 53, 168, 129, 107, 47, 196
381
97, 205, 242, 155, 246
201
0, 230, 192, 2
231, 154
126, 157, 68, 174, 46
64, 28
48, 248, 60, 32, 220, 151, 105
389
71, 166, 155, 34, 20, 174, 194, 39
391
203
393
34, 10, 66, 188, 144
12, 122, 149, 174, 23, 25, 184
72
89, 103
229, 75
106, 137, 235, 124, 199, 111, 218
144, 47, 216
183, 188, 175
238, 164, 65, 246, 247, 74, 139, 123
203, 6
104, 162, 152, 151, 230, 132
405
110, 128
15, 102, 218, 175, 54, 194, 122
4, 152, 58, 150, 218, 243, 42, 26
62, 99, 134, 185
39, 54, 209, 10, 121, 237, 139
196, 208, 84, 172, 222, 8, 228
249, 181, 189, 221, 231
112, 59, 214
16, 134, 221, 94, 142
47, 197
416
47, 12
418
166, 37, 217
199, 132, 52, 138, 22
144, 183, 36, 182, 119, 238, 207
28, 17, 25, 180
189, 213, 212, 41, 219, 44, 144
215, 179, 171, 93
216, 175
52, 224, 86, 120, 38
78, 200, 221, 204, 19
156, 153
47, 133, 116, 87, 143, 111, 196
10, 196, 30, 99, 112, 210, 95, 48
113, 211
77, 65, 97, 18, 38
240
434
146, 153, 90, 219
229, 143, 66, 116, 75
51
22, 129, 93, 249
194, 56, 39, 100, 52, 243, 125, 82
440
96, 0, 73, 235, 211, 197, 199
143, 108, 69, 208, 199, 67, 123, 125
51, 28, 57, 93, 177, 77, 54
148, 213, 24, 5
106, 20, 132, 167
147, 143, 1, 91, 40
139, 72, 15, 154, 18
248, 42
193, 5
214
135, 203, 217, 176, 17, 142
68, 64, 9, 38, 197, 61
109, 80, 44, 125, 130, 91, 2, 218
145
455
98, 240
44
222
459
151, 214, 201, 131, 173, 221, 73, 24
185, 96, 78, 68
49, 233, 40, 89
76, 223, 85, 72, 215, 182, 208
119, 193, 208, 187, 9
465
192, 237, 234, 122
12, 48, 206, 68, 229, 111, 221
42, 187
469
470
133
0, 135, 2
114, 224, 51
238, 222, 55, 120, 103, 167, 81, 36
54, 238, 244, 109, 217, 239, 212, 98
160, 174, 30, 140, 201, 178
165, 107, 119
478
244, 101, 174, 107
199, 165
143
57, 180, 150
3, 93, 167
114, 238, 180, 211, 65, 5
3, 145
109, 31, 169, 163, 64, 133
64
82, 41, 213, 202, 138, 0, 49
100, 28, 173, 126, 47, 178, 53
239
155, 13, 82, 115, 132, 126
124, 36, 155, 89, 128, 67, 94, 56
55, 170, 158, 65, 64
249, 54, 67, 71, 177
244
196, 115
90, 28, 34
222, 30, 26
194, 116, 189
159
204, 135, 9, 69, 92
108, 92, 226, 90
80, 189, 75, 143, 32
206, 216, 243
50, 243, 9, 34, 28, 40, 53, 82
142, 24, 211
23, 160, 207, 241
20, 165, 16, 129, 99, 168
89, 65, 174
115, 219
222, 83, 151, 45, 146, 156, 56, 40
184, 168, 132, 143, 21, 225, 18, 217
77, 100, 215, 138, 107, 206, 153, 185
87, 158
152, 237
516
111, 241, 79, 84, 36, 70
188, 88, 231, 7, 220, 96, 118, 11
151, 246, 44, 4, 186, 157, 81
14
66, 231, 133, 73, 26
101, 224, 141, 44, 114, 37, 244, 46
16, 24, 26, 126
98
525
159, 150, 26, 66, 5
199, 38
528
240, 176, 197, 138, 86
530
178, 213, 222
103, 218, 55, 161, 167
34, 165, 231, 27, 228, 72, 25, 105
194, 82, 248, 222, 34, 178
70, 22, 1, 237, 86, 51, 130
204
22, 183, 142, 221, 204, 163
538
42, 246, 149, 109, 244, 235, 4
206
175
103
84, 229, 9, 243, 236, 193
1, 62, 190, 13, 248
220, 106, 141
201, 101, 7, 156, 247
218, 52
83, 112, 190, 231, 141, 52, 137
56, 129, 43
0, 41, 13, 90, 213, 146
231, 49, 242, 202, 58, 235, 42
142, 181, 111, 61
46, 155
170
171, 240, 244, 150, 163, 62, 136
90, 205, 55, 182, 228, 96, 196, 61
182, 111, 145, 73, 106, 28, 22
66
154, 201, 213, 107, 93, 20, 177, 188
203, 230, 105
133
562
38, 137, 55, 231, 229, 185
245, 13, 145, 184
21, 72, 134, 206
32, 66, 57, 74, 129
164, 66, 28, 81
16, 205, 248, 70, 204, 5, 177
569
57
188, 173, 55, 5, 15
117, 139, 227, 23, 42, 151, 160, 86
59, 35, 117, 222, 103, 147, 203, 69
145, 204, 198, 188, 237
20, 46
179
117, 103
161, 221
11, 167, 190, 175, 242, 14, 57
69, 215, 33
145, 20, 17
139, 99, 196, 84, 21, 6, 130, 81
53, 60
25
106, 76, 121, 21, 23, 228, 29
122, 17, 185, 38, 199, 222, 212
73, 171, 246, 241, 239
112
22
114, 144
104
195, 86
37, 10, 114, 109, 137
10, 74, 249, 162, 101, 68, 222
218, 178
138, 131, 6
244, 211, 55, 110, 26, 171, 196, 71
30, 137, 105, 107, 150, 241, 235
168, 83, 26, 139, 38, 140, 29
600
126, 204, 121
109, 242, 45, 53, 18, 144, 147
157, 95, 200, 115, 113, 67, 208, 197
159, 241, 1
232, 224, 153
12, 207, 15
607
168, 249, 26, 38, 162, 71, 232, 150
100, 222
117, 239, 36
227, 179
28, 224, 33, 3
149, 19, 85, 113, 93, 41, 11, 173
248, 194, 195, 30, 17
76, 82, 218, 20
223, 21, 71, 164, 60
154, 43, 177, 88, 9, 103, 121
215, 222, 172, 54, 61, 69, 51, 111
91, 75, 44, 36, 22
159, 93, 177, 67, 144, 121
175, 108, 93, 242, 160, 234, 20
622
42, 12, 246, 39, 171, 145
25, 46, 55, 85, 9
203, 87, 89, 240, 158, 9
199, 168, 109, 228, 115, 44, 160
42, 211, 135, 218, 219, 150, 8, 116
64, 76, 67, 234
233, 63, 140, 200, 164, 126, 127, 103
240, 137, 54, 149, 69, 210, 124, 126
118
236, 154, 109, 57
633
111
126, 198, 138, 74, 165, 220
96, 92, 46, 7, 136, 219, 226, 51
212, 90, 225, 210
638
52, 26, 46, 148, 167, 65, 139, 104
37, 68, 183, 151
241, 44
33, 170, 66, 36, 171
643
32, 189, 120, 87
124
646
56, 167, 125, 198
95, 2, 61, 31, 131, 159
174, 213, 39, 160, 233, 125, 126
650
150, 52, 49, 158, 43, 94, 149, 58
41, 75
80, 38, 34, 163
94, 96, 79, 24, 246, 76
53, 39, 172
212, 189, 215, 248
220, 96
191, 126, 101, 220, 165
74, 14, 65, 17, 122, 25, 168
21, 113, 126
167
76, 184, 29, 109
31, 175, 195, 145, 51, 70, 60, 38
96
115, 124, 94
64, 74, 91, 206, 231, 155, 179, 93
202, 132, 46, 135, 214
27
175, 248, 106, 21, 0, 25, 57
194, 15, 198
88, 96, 12, 90, 165, 68
152, 233, 56, 171, 1, 99, 27, 106
42, 20, 1, 227, 240
90, 39, 45, 200, 235, 155, 224
71
26, 187, 58, 146, 142, 4
200, 112, 227, 108, 244, 225
148, 174, 133, 71, 160, 196, 41
184
6, 150, 51, 215, 232, 131, 138
109, 227, 51
682
143, 190, 118, 92, 142, 69, 201, 9
684
201, 52, 125, 126, 82
178, 240, 58
38
93, 210, 33, 114, 65
172, 73, 166, 116, 235
177, 203, 209, 114, 135, 215, 71, 120
1, 10
135, 127, 240
222, 31, 173, 243, 40
102, 39
128, 119, 224, 216, 52
130, 228
697
83
699
247
701
702
167, 48, 248, 108, 97, 11, 96, 49
59, 142
11
165, 132, 109
140
9, 139, 114, 228, 63, 202
67, 185, 80, 19, 14
30, 32, 180
77, 151, 160
712
713
158, 190, 76, 82, 99, 203, 119
715
244, 224, 236, 157
717
6, 55, 124, 154, 229
5, 74, 208
182
56
111, 84
41, 104, 14, 115, 230, 174
134, 210, 213, 43
86, 198
193, 220, 50, 11, 101, 173, 169
37, 228, 178
102, 145, 89, 14
130, 53, 153
182, 171, 249, 231, 0, 101, 35
731
96, 97, 151, 231, 131
83, 7, 38
33, 234, 164, 214, 11, 207, 218, 134
203, 124, 19, 63, 234, 139
51, 125
737
14
104, 19, 26
138, 151, 131, 35, 201, 222, 247, 79
133, 152, 83, 200, 147
203, 119, 23, 169, 171
9, 221
35, 81, 10, 179, 232, 137, 202
93, 221, 51, 56, 23, 182
102, 113, 20, 215
87, 216, 131, 40, 94
104, 126, 16, 12
135, 217, 105, 200, 41, 184, 239
723
751
347, 363
734, 513
370, 718, 374, 581
448, 404, 344, 711, 401
665, 742, 452, 370
757
539
651
252, 414, 324, 366, 720
313, 421, 610
423, 619
259, 312, 703, 373, 521, 582
764
517
766
444, 258
282, 637, 665
621
366, 394
516, 494, 279, 390
572, 469, 319, 622, 694, 587
442, 652, 407, 314, 500, 432
742, 345
487, 276
742, 439, 313, 493, 631, 265
356, 310, 329, 699
778
335, 344, 491
780
698, 559
715, 728
572, 476, 512, 643, 716
426, 612, 371, 511, 433, 431
676, 500, 526, 684, 327
629, 268, 396, 588
787
266
340, 412, 638, 364, 572
372, 393, 447
791
547, 469, 402
477, 445, 736, 741
521
795
739, 424
593, 713, 687, 706, 696
378, 679, 578, 344
799
541, 283, 578
801
392, 741
649, 662, 436, 728
320
323, 586, 681, 306, 742, 580
724, 388, 451, 462, 280, 658
386, 727, 376, 447, 586, 574
534, 634, 322, 526
345, 516, 605, 519, 329
268, 280, 666
459, 405, 560
812
599, 397, 323, 596, 272, 586
580, 264, 255
698, 346, 671, 675, 549, 434
816
372, 519, 350, 370, 575
310, 393, 651
819
820
275, 498, 742
822
626, 423, 464
307
574, 699, 721, 258
339
387, 359, 522, 464, 604
551, 725, 510, 345, 492, 465
564, 305, 421, 516, 298, 466
698, 485, 404, 503
274, 582, 659, 360, 504
832
256, 727, 423, 721, 680, 259
500, 725, 364, 365, 507
545
680
377, 372
602
675, 718, 543, 287, 733, 712
840
530, 590
262, 704, 708, 483, 620
843
844
332, 489, 632, 388, 602
846
379, 503
626
417, 530, 304, 733, 568, 484
850
705, 626, 302, 736, 274
656, 679
373, 728, 676
854
698, 315, 609, 378
708, 514, 297
709
446, 285, 642, 371, 677
859
510, 481, 304
332, 565
862
437, 693, 330
864
865
636, 371, 488, 329
303
696, 714, 471, 309
869
656, 443, 259, 466, 481, 261
441, 347, 363, 326
872
585, 510, 354, 554, 374, 707
573, 702, 558, 556
282, 745, 650, 710, 619, 255
600, 429, 732, 366, 403
877
719
344, 490, 440
387, 679
655, 420, 520, 626
618
608, 634
735, 288, 423, 584
377, 527, 608
439, 565
887
565, 509, 348, 379, 353
430, 506, 602, 332, 697, 701
258, 530
644, 311
892
714
402, 294, 455, 407
579
635, 503, 566, 657
389, 316, 444, 452
668
607, 261, 350, 342, 704
604, 746, 540
715, 431, 349, 573, 337
438, 258, 299, 707, 462
351, 437, 702
719, 563, 417, 402, 443
657, 509, 451, 721, 417, 703
324, 305, 313, 508
454, 349, 627, 596, 542, 559
908
909
719, 539, 422, 374, 496, 300
268, 361, 701, 363
285, 475, 292, 605, 726
680, 646, 686, 343
482, 729, 464, 657, 389
605, 482, 483
724, 268
362, 693
682, 748, 716, 619, 656
365, 492, 516, 458, 522
632, 537, 358, 504, 651, 469
329, 276, 350, 723, 612
922
923
742, 484, 459, 550, 265, 334
481
380, 403, 402, 659
650
405, 646, 662, 596, 493, 274
292
572, 648, 660
931
364, 274, 615, 690, 322
263, 489, 640, 459, 639, 266
615, 745, 441, 538
711, 721
936
594
253, 658, 737, 426, 410
321, 301, 687, 313, 513, 685
275, 596
596, 330, 471
594, 605, 534, 292, 560
569, 358, 623, 280
735, 480, 674, 410, 253
945
328
463, 294, 282, 479, 405, 476
279, 411, 672, 546, 543
578, 681
491, 489, 630, 363
494, 436, 671, 517
952
285, 716, 715, 522
670
475
299, 701, 519
679, 293, 544, 253
475, 543, 252, 530, 745, 372
674, 445
447, 332, 717, 449
645
962
693, 527, 260, 695, 599, 581
456, 659, 345, 645, 515
673, 607
473, 413
290, 375, 732, 338, 360, 720
683, 696, 328, 485, 637, 600
272, 339, 401
626
358, 582, 532
972
254, 501, 293, 556, 682, 267
361, 469, 283, 342, 708, 637
975
398
578, 427, 565, 481
671, 347, 265, 748, 699
680
418, 369, 412, 317
715, 304, 649, 589, 267, 316
353, 619, 748, 555
302
396, 419, 277, 435
277, 325, 314
986
522, 601, 737, 358, 360
613, 507, 299, 501
476, 286, 729, 397
318, 359, 410, 382
991
399, 304, 340
726, 663, 736
656, 590, 449, 743, 635
296, 320, 633, 432, 251
294, 387, 704, 576
580, 610
376
656
726, 555, 396
640, 478, 604, 265
372, 524, 516, 519, 332, 464
702, 397, 525, 596, 475, 655
414, 295, 668, 526
514
341, 580, 539
1007
429
356, 550, 534, 434, 553
488, 306, 627, 523
493, 543, 425, 263
743
435
639, 549, 355
652, 589, 325, 507, 262
416, 380
496
705
438
344, 285
456, 264, 627, 337, 315, 486
632, 407, 704, 666
406, 400, 259, 638, 411
532
496, 525, 633, 571, 733, 446
1026
589, 668
492
308, 614
696
313, 674, 333, 264, 354
457, 643, 333, 619
653, 744, 400, 479, 670
534, 609, 722, 465, 307, 348
652, 295, 385, 421
591, 676, 330, 352, 371
694, 425
709, 468, 568, 658, 626
683
615
593
654, 285, 737, 517
509, 689, 545, 275, 444
725, 425, 301, 706
267, 593, 587, 664, 288
623, 716
1047
260, 357, 731, 376
457, 418, 651, 742
483, 680, 305, 406, 485, 619
591
721, 650, 367
373
383, 358, 400
625, 530, 672
1056
346
497, 646, 370
423, 670
707
544, 727, 300, 432, 585
1062
683, 293
426, 460, 628, 362, 253
403, 496, 596, 550
720, 602, 320, 506
643, 466, 467
418, 674, 464, 335, 309
316, 748, 252, 699, 667
360, 647, 707, 486
568, 261, 267
656, 454, 633, 654, 730
672, 320, 374, 501, 398
1074
552
469, 456
634, 560, 579, 718
394, 428
477
489
329, 294, 531
646, 708, 447, 718
318, 606, 495
562, 582, 284, 708, 695
485, 479, 375, 457, 722
1086
1087
436, 434, 659, 720, 307, 674
690, 455, 308, 391, 574, 378
496, 405, 404, 631
641, 375
654, 683, 409, 622, 708
1093
624
607, 573, 460
709, 726, 696, 695, 518
660, 477, 375, 626, 497
457, 286, 586, 738, 694, 337
280, 467, 364
526, 661, 355, 284
623, 673, 571, 638, 625
574
1103
484, 674, 738, 398
640, 413
330, 549
1107
405, 360, 326, 601
357, 330, 551, 711, 480, 572
442, 361, 278, 451, 387, 657
495, 400, 275
567, 403, 641, 583, 462
736, 444, 650, 629, 313, 561
536, 467, 700
477, 388, 749
469
682, 512, 461, 713, 391
728, 496, 377, 521
1119
488, 377, 651
395, 554, 288
658, 676, 285
730, 675
742, 284, 720, 514
705, 709, 342, 591, 403, 281
1126
476, 288, 622, 584
442
539, 485, 582, 305
562, 711, 692, 628, 597, 450
379, 507, 715, 275, 575, 551
733
642, 733, 586, 384, 709, 721
260, 279, 426
465
1136
593, 462, 547, 729, 669, 308
1138
662, 306
636, 427, 376, 612
310
588, 376, 557, 390, 517, 438
591, 393, 395, 423
546, 494, 398
737, 678, 451
635
391, 302, 434, 623
410, 406, 730, 711
351, 524, 563, 279
298, 319, 632, 531, 252
1151
326, 266, 637, 421, 529, 507
670, 450
622, 667, 717
559
435, 668, 574, 670
511, 520, 492, 393, 408
486, 687
621, 502
740, 732
1161
422, 498
708, 553, 631
675, 634, 573, 601, 262
621, 634
430, 333, 710, 453, 680, 332
468, 354, 660
518, 445
415, 547, 613
1170
496, 294, 445, 742
642, 612, 571, 588, 703, 746
397, 272, 265
520, 572, 671
687, 520
1176
553, 514, 515, 722
395, 448, 508, 313, 603, 410
640, 742, 686, 629, 512
372, 585, 418, 381
452, 705, 257, 272, 418, 668
284, 617, 483
609, 734, 431, 730, 372, 526
466, 409, 729
692, 257, 429
534, 631, 576, 601
603, 528, 660, 274, 291, 287
664, 531, 650
308, 494
420, 491, 711, 620, 314, 479
695, 350, 308, 519, 703
482, 314
1193
490, 302, 324
563, 507
732, 340
271, 423, 448, 638, 635, 565
618
384, 727, 706, 276, 668, 291
1200
473, 612
622, 375, 440, 737, 606
349, 552, 571
483, 596, 261, 388
530, 350, 263, 624, 305
415, 546, 728, 411, 417, 446
473
746
1209
289, 716, 650, 721
579, 676, 673, 689, 415
660, 294, 357, 703
557, 669, 442, 386
522, 596
416, 280
694, 285, 352, 469
707, 270
624
703, 669, 620, 426, 360, 721
501, 583
716, 396, 627, 474, 405, 305
680, 507, 304
497, 351
1224
388, 284
392, 347, 255, 745, 530
438, 595, 652, 506, 269
745, 526, 273, 438, 648, 409
652, 516, 586, 596, 429, 263
712, 473, 736
675, 388
403
488, 500, 604, 388
320, 539, 472, 331
668, 626, 734
651, 553, 471
461, 341, 728
633, 656
606, 357
656
271
492, 276, 473, 495, 682, 347
643, 315, 497, 688
464, 411, 454, 317, 374, 410
651
1246
656, 391, 739, 447
453, 276
459
690, 717, 347, 320
698, 721
546, 629
268, 381, 519, 664, 647
623, 702, 730, 632, 636
559
260, 583, 722, 565, 557, 675
398, 406, 701, 380, 558
666, 547, 668, 562
505
711, 473, 501
326, 310, 413, 515, 331
302
695, 336
744, 498, 278, 378, 705
288, 521, 566, 551, 475
648, 726, 381
349, 454
571, 541, 640
387, 554, 583, 446, 708, 537
273, 677, 495, 596, 644, 726
1271
388
576, 701, 337, 390, 612, 547
617
665, 622, 517, 510, 605, 739
712, 277, 744, 553
622, 255, 573, 648, 638, 551
736, 343, 507, 510, 410
318, 669, 665, 640, 342
637, 743, 358
645, 304, 424, 715, 536, 692
326, 596, 322
1283
257
531, 250, 277, 380, 534
630, 473, 536
380, 629, 719, 309, 668, 445
303, 714
635
560, 595, 338, 531, 630, 287
333, 666
1292
389
624
517, 581, 350
1296
1297
395
749, 291, 608, 321, 641, 256
442
337, 557, 446, 676, 283
376, 645
489, 323, 649, 509, 546
461, 585, 455, 353
668, 568, 320, 598
393, 318, 643, 450, 600
709, 283
278
486, 591, 356, 608, 474
264
250, 623, 335, 506
745, 742, 537, 687, 382, 504
1313
354
724, 316, 382, 436, 321, 304
1316
654
459
720, 724, 599, 536, 525, 707
694, 511, 373
402
598, 304, 746, 613, 320
711, 634, 622
420
679, 444, 690
468, 335, 622, 322, 479, 594
674
1328
433, 282
1330
629, 451, 747, 719, 300, 559
502, 364, 657, 284, 644
604
536, 683
684
643, 442
520, 340, 730, 339
376, 715
348, 302, 451
1340
348, 298, 253, 595
653, 574, 334, 646, 619, 649
516, 321, 576
672, 299
278, 298, 292, 456
697, 333
276, 505
551, 518, 620, 536, 526, 544
610, 561
278
290, 525, 721
553, 685, 618
656, 730, 506, 665, 427
675, 518
409, 298, 504
312, 714, 253, 616, 331
386, 595, 533, 354
274, 340, 494
454, 650, 387, 359
375, 660, 398, 501, 481, 508
276, 637
274, 441, 573, 359
341, 499
712, 387, 636
271, 516, 454, 650, 300
383, 280, 303
1367
518, 332, 584, 267, 408
589, 584, 716, 652, 399
324, 410, 657, 662, 700
351, 397, 694
291, 711, 335, 305, 323, 293
402, 488, 574, 277, 461, 431
1374
699
318, 254, 558
493, 253, 363, 453, 564, 588
628, 467
269, 540, 608, 526, 745
608, 577, 458, 711, 417, 612
659, 747, 504, 274, 433, 701
440, 269, 416, 379, 334
394
452, 462
476
1386
443, 302, 258
610, 292, 532, 442, 737
1389
685, 494, 543
441, 503, 569, 306, 565
348, 293, 464, 583
1393
660, 281
1395
520, 461, 399, 338, 421, 251
668, 644, 590, 356, 593, 486
681, 310, 467, 260, 402, 432
600
565
274, 670, 527, 576
560, 522, 703
469
499, 527
553
737, 461, 325
518
718
518
1410
471, 565
250, 361, 714, 713, 747
591, 649, 603, 391, 686
1414
686, 625, 709, 737, 671, 400
557, 693, 736, 677
598, 408, 517, 683
451, 271, 437, 347, 473, 427
671, 531, 526, 717
277, 330, 541, 621, 510
743, 622, 306, 435, 541, 403
431, 721, 593, 668, 505, 442
719
326, 291
525
619, 318, 690, 697, 680, 278
301, 330
397, 332, 557, 737, 300
455, 607, 256, 724
608, 528
1431
306
652
640, 285, 457
275, 438
342, 504, 445
358, 655
286
690, 705, 717, 515, 414
707, 543, 521, 609
496, 272, 363
542
740
511, 387, 626
623, 544, 649, 324, 381
383, 378
380
579, 542, 650, 593, 285
345, 699
1450
475, 719, 357, 519, 653, 303
512
446, 339, 657, 648, 707
364
736, 514, 692, 574, 353, 307
327, 501, 716, 552
615, 402, 295, 692, 293
324, 603, 724, 367, 286, 474
549, 271, 593, 513, 521, 443
444, 544
416, 494, 690
1462
451, 706
1464
544, 640, 390
402, 421, 336, 706, 562
313, 298, 280, 589
422, 570
670, 392, 369, 270
280, 529, 397, 737, 582, 683
436, 533, 675
1472
397, 422, 591, 492, 250
535, 749, 613, 655, 488
1475
329, 607, 326, 466, 335, 383
1477
661, 314, 491, 415, 446
412, 563, 295
688, 623, 676, 298
470
553, 313, 455
1483
320, 371
361, 270
356
560, 725, 580, 562
595, 332, 507, 424
1489
710, 319
736
524, 324, 600
294, 596, 501, 490, 632, 306
498, 550, 415, 529
617, 345, 291, 274, 384
539, 709, 510, 444
319, 320, 268, 414, 509
1498
380
1500
1172, 1229
960, 761, 805, 1393
1464, 1402, 1220, 1192
1194
1253, 1212
1042, 1221, 1112, 780
1222, 804
1247
1119, 901, 1192, 1061
1148, 1223, 863, 813
1171, 953, 1338, 889
1006, 858, 874, 1307
1110
978, 992, 1323, 923
1515
1068, 1461
854, 1275, 826, 785
881, 1049
1519
1460, 1496, 1003, 921
832, 1189
1483, 799, 1239, 1460
1271, 1267
1199, 921, 1353, 1175
1419, 1080, 854, 1268
1192, 1290, 1460, 768
1465, 1072, 1331, 1170
1058, 1441, 855, 1378
903, 970
1248, 825, 901, 1329
1285
1203, 1433, 1454
1437
1364, 1372, 1476
1440, 760
1271, 1234, 775
1078
1216, 1125, 1443, 757
1431
924, 800
981, 1371, 1076
967, 1418
1353, 919, 885, 1197
868, 1464, 853
1545
807, 1312, 1084
1155, 1405
985
1280, 752, 1178
1338, 1183, 1422, 1223
1551
1035, 1003, 945, 1365
750, 1071, 1154, 903
986, 1298, 1490
752, 1049, 1337
964
1557
1558
1007, 1249
922, 1017
1306, 988
1008, 1039, 1206, 1344
971, 896, 751
1363, 1223
833, 1112
1011
1112
1568
1569
991, 1200, 876
1571
1572
1573
1212, 1056, 920
1365, 1000
1112, 1474, 1030
1499, 1114, 1356
1578
966, 1137, 812, 904
1431, 800, 1183, 805
1185
900, 788, 847
1583
862, 944
954, 1273, 1383
863, 860, 1049
1258, 891
1588
1009, 1448, 1269
1173, 945
1425, 1215
1592
1376, 1070
1133, 1351
1595
978
1597
1026, 1406, 1065
1217, 1265, 1447, 1332
999, 1280, 802
1601
1249, 822
1437, 1202
1403, 1338, 1217
1236, 811, 1120
1186, 1256
1070, 1154, 1210
1608
1225, 1076
1330, 1243, 1450, 1003
1334, 1463, 1211
1612
1358
864, 755, 1053, 876
1080, 910, 1293, 1100
1005, 997, 854
1305, 758, 1145
1301, 787, 1237
822, 883, 801, 962
1092, 1348
1212, 944
1622
1623
1480, 1473
1264
1626
1439, 1452
1628
1486, 1130
1048, 1404
1139, 918, 1238
1632
1633
1234, 1002, 916, 1321
1151, 1208
770, 1388, 856, 1054
902, 1394
1638
1213, 1393
1640
973, 1039, 1111, 1040
980
1083, 811, 786, 960
1422, 898, 1397, 814
1032
1440, 794, 1294, 849
1227, 936, 1132
1648
1283
1650
1406, 873, 1190, 789
1487, 924, 1206, 978
1445, 1286
768, 837, 787, 760
1064, 1061
1656
798, 1139
836, 1313, 815, 1031
855, 1239, 1324
1200
1497, 762
820, 1285, 1309, 1146
763, 1313
882, 972
954, 1271
800
1667
1061, 1030
949, 1492
1215, 1181, 1245
1077, 1005, 1424, 1222
1055, 1492, 1484, 1352
995
1245, 1188, 882, 787
1115, 1122, 880
853
1677
773, 1471
1022
1095, 1105
1681
812, 1498, 910, 1156
1683
1397, 1231, 821, 1093
1225, 918, 1194, 1484
1686
1361
993
979
867, 1033, 1209
753, 1458, 1338
1692
1078, 1020
1342, 1337, 966
1695
1397, 1224, 1475, 1086
908
1112, 1358, 758
1497, 978, 781, 1379
1700
1488, 1189
1702
1703
767, 1155, 907
1027, 974, 1216, 1128
899, 1460
1338, 1140, 779
1708
1274, 883, 833
1052, 1414, 1199
1711
1334, 1436
1182
1056, 861
848, 1421
873, 1184, 982
1078, 1276, 1102, 816
1020, 957
1347, 1000, 1115
939, 1227, 1041
1434, 957, 1076, 1482
854, 1240, 956, 823
756
1481, 1477
1405, 947, 1420, 1296
870
778
1444, 983
1326
1392
1029, 1349, 966
1732
943
1170
907, 1051, 992, 959
1736
1234, 1009, 1169
1738
812, 838, 1047
1740
835, 819, 1262
874, 1382, 1171
1336, 929, 1189
1049, 1475, 945
1291, 859, 1025, 972
1485, 1293, 1012, 1001
1087
1177, 939, 876
1183
944, 875, 908, 1406
1751
1376, 884
1117, 1130, 1165
1339
803, 1239, 1183, 931
1260, 1460, 1136, 1425
1387, 1450
959, 949
755
973, 1463, 1295
1761
828, 1339, 785
849
1043, 975
943, 1000
1277
908, 954, 1417, 1361
1259
1345
776, 765, 1052
794, 1351, 1489, 925
1772
789, 1064, 1184, 1358
1294, 1441, 842
1075, 1490, 1297, 986
1776
1481, 906
923, 1398, 1105, 1480
836, 1139
1469, 1022, 1156
824, 986, 953
843, 955
1018
1290
1368, 1215
1786
1787
1232
1321, 1060, 946
765
964, 827
1792
1793
1073, 939
827, 824
1796
1423, 1054, 833, 1465
1798
991, 1460
876
1446
840, 1033, 1439
1049
1129
811
1321, 1100, 1108, 810
1177, 1483, 1000, 1137
1049, 1419, 915, 832
1303
1332, 1030
855, 1272, 1317, 1096
1153, 859, 941
962, 766, 881
1814
1815
938, 768, 952, 1340
1817
1194, 859, 1325, 857
1819
1138, 1407, 843, 880
1000, 793
1303, 825, 971, 1457
1201, 841, 795
891, 914
1062, 1431
1242
1827
1072, 1011
1083, 1457, 766
1234, 830, 1251, 1090
1831
934, 1415
913, 1391, 1037
1834
827
935
1837
1332, 977, 764, 1230
1157
777
1257, 1433, 942, 939
1842
1418, 1059, 1169, 1203
822, 982, 1186
1149, 1360, 785, 951
1065, 1120
1847
1026
1424, 1011
1330, 1126, 1180, 1370
1438, 816, 1320
1852
1066, 1059, 1312
950, 1150, 1201
1072, 1436, 968, 1063
804, 764
1222, 1338, 1493
1371, 902, 964, 1134
1051, 1340, 1471, 839
1860
1861
1862
842
1483
1865
1049, 966, 763
871
937, 776, 1331, 992
1869
1149, 870
1308, 1429, 1329
1278, 1423, 988, 1325
1304, 1088
1211, 1061
1303, 787
871, 861, 1497
1107
780, 888, 1278, 1307
975, 1317, 1456
950
1881
1279, 1266
856, 905
1132
1062, 1479, 1493
1079, 1021
1887
1307, 1460, 1074, 1357
1889
1066
1282
1413, 1464
1071, 1068
1894
1895
1331, 1368, 885
1897
795, 878
1235, 1216, 1085, 831
961
783, 1493, 1165, 1273
1047, 909, 1300
1179, 1025, 958, 1110
860, 1473, 1101, 1005
1011, 828
1906
761, 770, 1046, 1306
778, 1095, 1078, 1092
1165, 1280, 1268, 1067
1910
1035
971, 1399, 952, 1167
1161, 1205, 917, 833
1914
1195
835, 1296
1055
829, 1143, 1308, 1100
1178
1920
1141
841, 1309, 948
877, 843
757, 850, 864, 1291
1427, 913, 811, 983
1926
1927
786, 1009, 942
906, 1495
1930
1931
1217, 1418
817, 908
1287, 1385
1474
836, 981
1180, 1464
978, 876, 936
1439
781, 990
928
1444
990, 1179, 1102
1336, 833, 1314, 1316
1945
1327, 990
1075
1090, 1414, 1278
1230
1418, 940, 1488
1183
1952
838, 1146, 890, 1325
1172, 1035, 1380
1267, 838, 1059
771, 1251, 820
892, 987
955, 1082, 1022, 1077
1082, 1231
1960
1464
1962
1963
1283, 1319, 1084, 1348
1965
1260, 1139, 1244
1268, 1099
909, 1265, 1314, 1303
1101, 1367
1074, 1361
1342, 1225, 942
1360
1973
1057, 1268, 1072
1975
1163, 909, 791
1049, 977, 942
1978
906, 1262, 1095
945, 1006, 1481, 759
1029
1982
1983
942, 1232
1985
1018, 1145, 1106
1346, 1328
1335, 821, 942, 827
856
1202, 767
1378
1377, 1117, 987, 1114
1299, 1119, 1052, 1400
1167, 835
1995
901
1997
1998
1073
2000
1349, 965, 1138
963, 1339, 1315, 1361
1488, 1153
1153, 983
963
1105, 1157
1409, 887, 836, 1487
2008
896, 795, 1232, 1191
1233, 1313, 1396
2011
885, 1092, 1166
1082, 1346
835, 1096, 888
1354, 1064, 1186
1497, 1326
2017
855, 767, 804
757, 854, 852
2020
768, 1340, 936
1135, 1496, 943, 1067
1486
1197, 1464, 806
1135
1111, 857
1006, 1100, 1276
2028
811, 1228, 931
1270, 1023, 1260, 796
925
884, 1469, 966, 1048
1439, 802, 769
1157, 1124, 1082
1037
1397
884
910, 1460, 879, 1176
2039
1462, 1349
959, 1296, 979, 945
857, 1441
1490, 925, 1281
2044
1133, 1098, 1291
2046
1404, 951, 839, 1267
1237, 1418, 1126
986, 1329, 1371, 1370
1237
1052
910, 825, 906
882, 917
903
1092, 1165, 891, 1266
793, 1110
806, 1180, 1283
1047, 783
920, 846
2060
1322, 1195, 950, 945
1228, 1213, 1321
1297, 1447, 1149, 785
1432, 1247
1341, 1166
1094, 1031
821, 1486, 1021
1379
1367, 1149
1317
2071
1442
1110, 952, 1472
818, 969
1286
1432, 1481, 865, 1176
1074, 965
805, 896, 784, 971
1100
1066
1305, 1123, 1068
1201, 1394, 1376, 1332
2083
1223, 1381, 1271, 947
1223, 1196
1224, 869, 1165, 1175
898, 872
1060, 1003, 860
1025, 1474
1396, 800
1055, 997, 1063
2092
1393, 888
1209, 1420
1476, 1272
751, 1272
1349, 1244, 986, 767
1490
1407, 1197
2100
767, 1329, 1312, 1325
2102
1029
1417, 831, 1059
904, 999, 987
1206, 1399, 832, 820
875, 1392, 1096
2108
2109
2110
962
1332, 945, 1401
1351, 1424, 858
1143, 1126, 1399, 827
1373, 1354
805, 835
1179
1458
1465
2120
1032, 918, 1257, 1376
829
939, 981, 1269
1381
767, 956, 1119
2126
2127
864, 852, 930
1380
2130
2131
864
1342, 1365
1464, 918
2135
2136
1343
875, 1141
800, 1267
1420, 1410
1153, 1288, 1053, 834
1383, 1482, 1222, 1172
1016, 940, 1430
2144
1124
901, 1476, 1172, 947
863, 1499, 1034, 842
2148
1453, 1118
832, 864
1122, 1429
2152
1305, 907
1341, 991, 1127, 1394
1424, 1328
1174, 1311, 848, 1330
2157
883, 1046, 841
781, 1403
879, 914, 1205
2161
1025
931, 821, 1126
1499
751, 1282, 854
1380, 1253
2167
774, 1239
1314
2170
1249, 960
1070, 759, 829
1356
1058, 885, 1326, 851
1393, 1405, 1384
1283, 1077
2177
996
1385, 1283
2180
1005, 1149, 867, 1421
1179, 821, 833, 1294
1055, 1004, 810, 1296
1371, 903, 1215
2185
1076, 1406, 1216
1137, 788, 1120, 908
987
1271
2190
880, 1064, 1236
1217, 1233, 1022, 1092
2193
931, 889
1163, 1043, 1126
1377
2197
1467
1126, 1119, 824, 1329
1495, 951, 1451, 989
2201
2202
1197, 1180
1161, 783, 1211
1280, 1245, 1052, 797
1190, 1437, 1119
2207
847, 1201
1053, 1192
1263
1365
1135
1041, 939
996, 1223, 985, 1263
1230, 795, 1361
2216
1328, 823, 1266, 797
1149, 1239, 1228, 1410
1340, 862, 782, 810
1478
811, 1008
1171, 1438, 772
1434, 1020, 884, 1009
1421
1468
1084, 839
1385
1403, 958
1241, 877
2230
2231
1161
2233
1024, 1303, 755
1415, 1475, 1234, 1205
1087
1342, 1144, 1377, 866
1077, 1313, 1448, 762
980
847, 1137
2241
1472
1016
2244
1198, 1473, 1358
2246
874, 1336
2248
838, 1158, 928
1420, 1272
1219, 1356, 1321
1434, 1175, 1084
1049, 788
2254
752
1137, 1400
825, 968
1409
938, 1363, 1009
2260
876, 1080
1116, 1253, 1209
2263
796, 1477, 1239, 913
1478, 1134, 1137
2266
1466, 1335, 1344
994, 888, 1187
1219, 1404
2270
2271
1347, 1220, 1283, 1265
2273
1467, 1494
1430
1313
2277
896, 927
2279
1245, 1448, 1354
1197, 1413
852
1201, 1252
1227, 1070, 1167
1468
845, 782, 1245
1335, 1199, 1128
2288
954, 1171, 1106, 1354
2290
1179, 1126
1247, 781, 1431, 1291
1415
1291, 1091, 1379
2295
801, 853
939, 1346, 849
1428, 1329, 1049, 844
999, 1342, 1373
916, 1290, 983, 805
2301
1493, 1012, 788, 888
2303
1023
1286, 758
2306
2307
2308
2309
1343, 1475, 1136
899, 1273, 1406, 1109
765, 1380, 1207
1229, 809
1190
2315
760, 1267
913
797, 920
922, 1340, 822
1482, 858, 1173, 1035
946, 866, 1038
2322
790, 978
987, 1477
1421, 1444, 906, 1185
2326
1487, 1030, 781, 948
790, 1457, 762, 1242
801, 1253, 1197, 1245
1140, 799, 1235, 1209
1273, 1305, 903
756, 921
2333
1042, 938
1271, 1261, 1334, 1183
918
770, 784, 1316, 1356
1417, 1158, 1271
1295
1380, 1395, 798, 1316
991
1044, 1225, 891, 998
996, 1486, 1235
1077
1348, 1199, 1444, 1015
916, 1044, 1045
1257, 1209, 926, 1238
1146, 1301
1405, 1339, 1103
1080
1450
1401, 867
1011, 1022, 1358
2354
942, 836, 1096, 1084
1410
1439
939, 823
1438
1402, 1196, 1135
1477, 793
1442, 1072, 1263, 1374
2363
841, 1206
1402, 1386, 1135, 913
932, 1022, 1395, 792
1227, 1326, 838
2368
2369
974, 1294, 1095, 1221
856
857
1149, 752
1115, 1216, 1201
1101
2376
2377
2378
1144, 870
849, 1280, 1194, 1148
795
1449
786, 1370, 1439
853, 1265, 1027, 850
1051, 1497
1174, 1499, 854
2387
1155, 895, 852, 983
1396, 852
1479, 1451, 905, 1378
2391
1419, 1125, 1283, 1304
1009, 1197, 1110
2394
845
2396
2397
1368, 1327, 1369
1107, 1362
946, 1153, 837
900, 1139, 1464, 886
985, 979
2403
943, 1028, 815
1007
1325
912, 1474
1447, 802
1128, 1069, 954, 1390
1040, 1093, 1043, 1146
1080
1061, 807, 1151
1111, 992, 1180
2414
1113, 1452
2416
1360, 1405, 896
1261, 1450, 936
773, 763, 1306, 1297
1403, 1171
1277, 1088
865
947, 1060
1386, 972, 803, 1425
915
2426
1292, 1475, 854, 1492
804, 1425
1359, 1074, 788, 888
1031, 1245, 1482, 1250
1267, 916, 1341, 1353
936
1097, 760
2434
1281
2436
877, 997
1322, 1434
2439
802, 855
2441
1091, 1016
2443
1433, 1172, 949, 920
1365, 1306, 784
980, 1227
1253, 1310
1129, 976, 1142, 763
1197, 1098
1013, 1278, 801, 1289
1190, 1273, 827
850
1007, 1130, 855
806, 1450
772, 960
1200, 1468, 830
1389, 1412, 1104, 1120
1323, 1472, 1480
1375, 856, 779, 1444
894, 752, 1300, 820
1126
754, 1103
1234, 946, 880, 1284
786
1039, 1119, 1273, 923
1000, 1211, 1230, 1228
2467
1117, 1128, 785
1143, 1249, 1211, 1040
1228
2471
850, 955, 1163, 1040
1368, 1170
979, 801
2475
999
1317
1284, 1264
2479
1354, 863, 1218
2481
1110, 909, 973
2483
2484
1354, 778, 1497
1290
2487
984, 1265, 1279, 1381
1392, 831, 965
2490
1358, 1361, 1447, 1034
761, 1083, 830, 947
1126
1010, 1364, 1163
837, 894, 1256, 1192
1198, 1186, 1313
2497
1481
844
2500
2501
2174, 2428
1579, 2484
2318, 1659
2505
1688
1882, 1788
2277, 2248
1850, 1736
1911, 2462
1700
2162, 1504
1571
1813, 1528
1720, 1504
2516
1554, 1739
1793, 1569
2181
2520
2521
1976
2523
1920
2377, 1922
2067, 1735
1690
1789, 1737
2529
1624, 2352
2235
1822
1954
2341
1691
2078, 1697
1766
2538
2215
1513, 1984
2221, 2016
2125
1955, 2370
1668
1994
1830
1797, 1621
2225
1954
1875
2551
2552
1626
2337, 2046
1623, 1984
1718, 2357
2349, 1618
1502, 1961
1829
2560
1877
1744
2563
2488
2565
2071, 2124
2567
2349
1959, 1801
1955, 1890
2571
2572
1888
1827
1925
2576
2194
2052
1880, 2438
1701
1917, 1819
2199, 2072
2450, 2091
2054, 2313
2585
2171
2587
1671, 2222
2589
2590
2591
1673
2378
1634
2595
1902, 1816
1731
2261, 1800
2097, 2084
2414, 1572
2601
1631
2603
1838
1587
1854, 2297
1789, 1747
2487
2609
2004, 1867
1770, 1518
2253
2613
2614
1518, 1837
2029
2250, 2388
1685
1703, 2023
2620
2621
2622
2623
2118, 1957
2376
2154
1810
1859, 1672
1918, 1607
2261, 1583
2631
2491, 1856
2172, 2200
2242
1541, 2489
1707
2637
2638
1827
1597
2641
1766, 2370
2019, 2166
2245
2298
2646
1885
2648
2649
2650
1515
1796, 2368
1868, 2257
2151, 1764
2655
2076, 2366
1891
2658
2659
2000, 2113
2415, 2482
1660, 1500
1993, 1544
2489
2373, 1663
2666
2667
2668
1542, 1773
2670
2440, 2393
1836, 2346
2673
1743
1908, 2253
2021
2677
2678
2679
2425
2681
2019
1647
1703
1794
2121, 2398
2449, 1656
2688
2689
2065, 1835
2314
2491
1843
2694
1643
2369, 1872
1810
2698
2148
1554, 1668
1956, 2407
2096
1681
1536
2464, 1504
2706
2044, 1691
2708
1570, 2285
2094, 2460
2283, 1629
2430
2713
2714
1628, 2002
2258
2717
2177
2146, 1676
1601
1832
1593, 2207
2723
2118
2725
2454
1518, 2372
2066, 2194
2110
2730
2731
1677, 1898
1891
2453
2176
2736
2046
2738
2739
2179
1689, 1833
2151
2027, 1806
2161, 2453
1879
2746
1782, 1700
2449, 2147
2393
2261, 2346
1933, 1720
1962
2753
1904, 2496
2755
2756
2757
2239
2087, 2482
2760
2177, 2045
2132
2468
2220, 1646
2087, 2078
2766
1924, 1658
1963
2214, 1621
1614, 1808
1722, 2332
1842
2288
2494, 2179
2060
1768, 2224
1916, 2278
2778
2302
2111, 2151
1568
1682, 2367
1958, 1871
2784
1998
1943, 2113
2058, 1774
2788
1792, 2079
2356
2113, 2137
1509, 2443
2213
1515
2795
2796
2070
2300
2799
2800
2019, 2283
1598, 1583
1877
2804
1800, 1904
2120
2807
1776
1730, 1599
1745
2811
2812
2269, 2290
2814
2815
2335, 2065
1734, 1906
2382, 2387
1531
2820
2087
1558
2823
1922, 1516
1920, 2370
2319
2213, 1784
2227
1960
1639
2831
2832
1707
1899
1937
2836
2001
2035, 2380
1931, 2100
1893
1877
2842
2205
2844
1938
2846
1916
1754
2131
2367, 2176
1799, 1552
2852
2853
2854
1515
1560, 1598
2857
1904
2325
1702
2129, 2377
2862
2863
2864
2865
2130, 2229
2486
1646
1512, 1597
1957, 2406
2871
2323, 1793
2059, 2082
2874
1515
1635
2877
1959, 2214
2290
1599, 1571
1532, 2105
1898
2496, 2286
2884
2885
1855, 1731
2887
1680
1770, 2210
2163, 2271
1810
2010, 2002
1811
2454
2895
1929, 1562
2897
1905, 1626
2459, 2078
1597, 2190
2165
2902
2239, 2098
2164, 1711
1916, 2389
1561
1772, 2404
2306, 2039
2418
1590
2470, 2114
1610
2385
2914
1761, 2304
2492, 1720
1553, 2435
2205
2919
1657, 1897
1709, 1862
2195, 2038
2923
1886
2237, 2304
2427
2036, 2427
2928
1555, 1595
1537, 2420
2309
2061
2299, 1841
2934
2935
1869
2122
2938
2939
1921, 2186
2226, 1920
2942
2943
2944
1986
1617, 1780
2947
2948
2219
2399, 1984
2951
2482, 1629
2953
2086, 2189
2955
2956
2309
2958
2404, 2275
2960
2961
2342, 1889
2356
2327
2965
2966
2967
2080
2969
1926, 1868
2203, 1524
2972
2094, 2116
1963, 2229
1544, 1940
2976
2977
2978
2403, 1792
2390
2981
2267, 1629
1525, 1985
1545
1829
2176
1881
2263
2989
2213, 1869
1803
1775
2993
2994
2208, 1710
2996
1815
2998
1565
3000
2258, 2203
3002
3003
2378, 1984
2255, 2170
2072, 1556
3007
3008
1526
2142
3011
1509, 2363
1756, 1769
3014
1954
2434
1955, 2263
1752
3019
3020
3021
3022
3023
1933
2013
1799, 1810
2093, 2460
2474
2204, 2275
1767, 2032
1517, 1534
1768
1640
2359, 1884
2225
3036
1614
1722, 1668
1618
3040
2319
3042
3043
1927, 1683
2310, 2120
2202
2207
1620, 1509
2276
3050
2437, 1849
3052
2479, 2488
2253, 1888
1718
1646
3057
3058
3059
1638
1534
1701, 2148
1921
1884
3065
3066
1889
1729
2060, 2481
2187
3071
1653, 2033
2404
3074
2387, 1909
1827, 1978
3077
3078
1857, 2257
3080
1753
3082
2484
2351
1990, 2052
1538, 2179
2447, 1542
2294, 1919
2373, 1629
2024, 2177
1778, 1659
3092
1723
2350
2373, 1711
2021
2478
3098
1696, 1560
1622
2320
2171, 2128
3103
1709
2283, 2448
1516, 2213
2423, 1520
2174, 2451
3109
1949
2341
1564, 2109
3113
3114
2003
1961, 1866
2303
2248
3119
2153
2104
1697
1766
3124
3125
1595, 2206
3127
2454, 2327
2057, 1669
3130
2118
2082, 1925
2387
1594, 1747
3135
2116, 2297
1822, 1502
2497
1559, 1863
1878, 2427
3141
2013, 1618
3143
2344, 2343
3145
3146
1836
3148
2182, 1690
2298
1563, 1544
1731, 2007
3153
3154
1644
2399
2432, 1834
1724, 1508
3159
3160
3161
1584, 2382
3163
3164
2192
1619
3167
3168
2359, 1535
2392
2041, 1508
3172
3173
3174
2120, 1701
2116
1630, 2363
1633
1915
3180
3181
2388
3183
2236, 1972
2268
1971, 1599
2137
1562, 1636
3189
3190
2398, 1931
1579
1760
2426, 2402
1968
3196
2011, 1644
2264, 1859
3199
2341, 1744
2385
1673, 2039
1715, 2387
3204
1949
2352, 1524
3207
3208
2317, 2363
3210
1871
2149
2144, 2107
2367, 2087
2345, 1527
1963
3217
1696, 1584
1957, 2351
1754
2346, 2087
3222
1901, 1599
2349
3225
1638, 2225
2093, 1668
1959
3229
1998, 1760
2467
2045, 1730
1619
2143, 2081
3235
2347, 2098
2470, 1702
3238
2274
1634, 1746
3241
2166, 1930
2150, 1521
1853
3245
1651
3247
3248
3249
