0
1
2
3
4
5
6
7
8
9
10
11
12
13
14
15
16
17
18
19
20
21
22
23
24
25
26
27
28
29
30
31
32
33
34
35
36
37
38
39
40
41
42
43
44
45
46
47
48
49
50
51
52
53
54
55
56
57
58
59
60
61
62
63
64
65
66
67
68
69
70
71
72
73
74
75
76
77
78
79
80
81
82
83
84
85
86
87
88
89
90
91
92
93
94
95
96
97
98
99
100
101
102
103
104
105
106
107
108
109
110
111
112
113
114
115
116
117
118
119
120
121
122
123
124
125
126
127
128
129
130
131
132
133
134
135
136
137
138
139
140
141
142
143
144
145
146
147
148
149
150
151
152
153
154
155
156
157
158
159
160
161
162
163
164
165
166
167
168
169
170
171
172
173
174
175
176
177
178
179
180
181
182
183
184
185
186
187
188
189
190
191
192
193
194
195
196
197
198
199
200
201
202
203
204
205
206
207
208
209
210
211
212
213
214
215
216
217
218
219
220
221
222
223
224
225
226
227
228
229
230
231
232
233
234
235
236
237
238
239
240
241
242
243
244
245
246
247
248
249
250
251
252
253
254
255
256
257
258
259
260
261
262
263
264
265
266
267
268
269
270
271
272
273
274
275
276
277
278
279
280
281
282
283
284
285
286
287
288
289
290
291
292
293
294
295
296
297
298
299
300
301
302
303
304
305
306
307
308
309
310
311
312
313
314
315
316
317
318
319
320
321
322
323
324
325
326
327
328
329
330
331
332
333
334
335
336
337
338
339
340
341
342
343
344
345
346
347
348
349
350
351
352
353
354
355
356
357
358
359
360
361
362
363
364
365
366
367
368
369
370
371
372
373
374
375
376
377
378
379
380
381
382
383
384
385
386
387
388
389
390
391
392
393
394
395
396
397
398
399
400
401
402
403
404
405
406
407
408
409
410
411
412
413
414
415
416
417
418
419
420
421
422
423
424
425
426
427
428
429
430
431
432
433
434
435
436
437
438
439
440
441
442
443
444
445
446
447
448
449
450
451
452
453
454
455
456
457
458
459
460
461
462
463
464
465
466
467
468
469
470
471
472
473
474
475
476
477
478
479
480
481
482
483
484
485
486
487
488
489
490
491
492
493
494
495
496
497
498
499
110, 6, 309
326, 275
157, 53, 396
400, 324
302, 77, 70, 331
214, 492, 355, 54
223, 143
507
250, 359
117, 151, 77
189, 376, 52
390, 345, 92
33
358, 391
514
147
444
92
518
117, 240
95, 315
521
430, 2, 289, 346
261, 151, 353, 493
154
81, 162, 60
320
96, 474, 370, 262
373, 51, 273, 471
399
530
0, 225, 280, 308
141, 370, 351, 121
340, 346, 193, 373
534
68, 162, 98
494, 226, 113
408, 335
538
539
284, 183, 151, 162
417, 460
325, 320, 24, 349
241, 272, 408
364, 445, 5, 137
72, 303, 437
338, 322
547
442, 257
549
368
154
94, 334, 491
247, 203, 125, 7
554
137, 157, 12, 292
286
129, 473
161, 399
559
560
561
421, 279, 151
351, 352
79
306
286
41
453, 422
569
46, 498, 108, 52
166, 438, 317, 180
14, 301, 229, 72
178, 58, 205, 403
574
150, 39, 20
576
426, 233, 379, 292
356
318
580
485, 248, 31
396, 54, 425, 460
190
584
373
339, 238, 301
587
588
153, 5
351, 437, 11, 343
272, 448, 461
399, 232, 483, 297
593
594
297, 128, 363, 332
596
305, 238
106, 489, 420, 292
374
186
240, 231
19, 335, 325
119, 128, 260, 181
275, 124
605
606
447, 63, 115
420, 49, 317, 238
410, 474
356, 73, 485
290, 82, 487, 395
380, 179, 225
406, 231, 126, 245
266
615
260, 112, 161
617
618
127
438
128
622
261
52, 245, 9, 39
156
45, 123
380
424
278
453, 258, 430
26, 441, 79
261, 390, 338, 212
633
261, 316, 387, 256
635
241
50, 134, 127
494, 173, 115, 372
56, 354, 425, 436
170
386, 207, 45, 134
642
395
303, 170
645
646
495, 109, 287
251, 156, 53
264, 315, 252
221, 85, 191
310, 154
30
242, 465
179, 407, 177, 19
352
405
657
465, 206
266
492, 372, 37
431, 337, 354, 68
662
434, 283
65, 67
208, 187
204, 456, 185
464, 329
357
28, 368, 345
152, 368
53, 274, 100
288, 34, 222, 141
130, 409, 232
95, 110, 362
675
348
390, 228
485, 268
99, 176, 27
482, 234, 184
150, 321, 281, 385
357, 269, 247, 393
10, 377
60, 423
115, 405, 37
52, 78, 497
19
43
157, 488, 240, 450
437, 405
416, 97
92, 163
693
26, 123
492, 355, 140, 158
696
369, 403
376, 286, 350, 384
240, 295, 193
116, 210, 370
236, 262
101, 245, 307, 183
118, 61, 489
480, 329, 237, 203
78
203, 39, 206, 22
100, 163, 164
708
392, 322, 84
447, 482
228, 72, 205
326, 448, 226
403
714
21, 480
62, 356, 478, 0
36
441
719
358, 489, 350
89
419, 332
347, 291, 441, 448
150
725
267, 325
479, 24, 208, 59
179, 209
30, 124, 307, 279
349
57, 445, 376
469, 87, 381, 394
733
40
478
280
179
361, 125, 233, 105
169, 215, 278, 421
356, 276, 370, 291
741
340, 394, 231
480, 1, 122
744
745
96, 172, 183
178, 308, 224, 240
269, 26, 210
5, 244
218, 224
751
202, 265, 82, 436
753
36, 469, 253, 295
25, 473
756
113, 496, 368, 218
266, 364, 447
139, 275, 280, 434
128, 328, 389
761
762
763
227, 448, 228, 461
16
42, 70, 269, 199
392, 94, 52, 243
469, 130
157, 187, 326
88, 126
324, 16, 43
772
439, 99
2, 230, 480, 24
775
142
78, 454
115
326, 207, 419
350
109
200, 48
135, 50, 237
784
276
786
347, 470
456, 445
339
790
396
344, 347
128
794
328
367, 392, 399
341
184, 178, 483
317, 123, 4
366
288, 76
12
137, 19, 99, 378
264, 444, 333
315
307
240
32, 186, 142, 334
437, 212
810
202, 43, 362, 385
812
813
157
341
326, 151, 250
478, 387, 151
473, 175, 101
819
820
332
432, 69, 351
823
113
460
245, 397
77, 257
247, 145, 381
490, 443, 168, 310
473, 157
831
36, 495, 72
95, 28, 195
349
397
5
837
398, 111, 439, 349
253, 448, 383, 329
193, 279, 12
93, 97
842
397, 93, 184, 205
396, 221, 324
420
395, 226, 373, 32
303, 469, 418
224
849
353, 65, 226
416, 44, 377
99, 369, 498, 82
401, 247
44, 466
855
163, 120
360, 446, 472, 196
95
43, 288, 220, 240
357, 216
861
119, 275
462
169, 332
292, 225, 39
347, 108, 450
141, 479
391, 80, 449
261
870
112, 490, 430
429, 280, 119, 38
387, 42, 298, 159
154, 367, 19
122, 246, 421
303, 134, 183, 29
474
3, 115, 309
338, 79, 279, 104
316, 255, 423, 457
37
286, 441, 109, 334
883
117, 400
254, 486
76, 420
471, 180, 370
27, 124, 119, 348
326, 285
370
366, 292
395
232, 39, 403
225, 442, 362
895
230, 3
73
72
45
268, 298
248
245, 479, 393
384, 223, 97
124, 196
192, 402, 235
906
907
63, 303, 238
202, 214, 392, 218
910
468, 101
29, 482
64, 47, 316, 80
316, 181, 6, 338
371
916
917
412, 22
320, 358
465, 175, 198
51, 319, 287, 130
474
111, 389
201, 335, 430
925
926
297
351, 146, 191
136, 126, 417, 165
930
157, 341, 467, 311
156, 50, 428
933
48, 198, 209, 60
251, 302, 237, 481
240
174, 171, 457
149, 15, 266
46
295
277
479, 250, 499, 317
36, 328
363
22, 57, 366
149, 130, 219
453, 462, 3
948
263, 279, 1
950
310
461
318, 393, 428, 148
212, 250, 439, 273
405, 440, 396, 346
43, 369
226
56
237, 90, 223
347
961
23, 54, 229
963
54
26
261, 400, 67
12, 177, 362
92, 60
328, 356, 417, 369
295
404
95, 129
22, 333, 122
974
145
6
144, 230, 214, 261
80, 466, 425
485, 65
980
106
240, 41
983
383, 414, 1
162, 412
395
428, 148, 253
308, 250, 251, 18
989
389, 72, 156, 480
391, 124, 302, 228
127
94, 442
292, 147, 486
468, 320, 221, 47
436, 4
154
998
395, 451, 382
840, 696
977, 515, 839
1002
864, 835, 732
637, 530, 553, 790
637, 889, 735
540, 593
721, 523, 504
957, 836, 571, 608
848, 913, 598
585, 696, 852
981, 777
890, 505, 635
1013
805, 713, 716
988, 739, 704, 570
507
955, 812, 541
657
905
902, 516, 881
780, 857, 600, 583
818, 755
969
775, 596, 574
1025
777
560, 990, 741
645, 879
708
617, 987
919, 731, 718, 866
580, 770, 832
1033
978, 616, 750
694
1036
1037
554, 677
631, 937, 932, 592
866
1041
602, 765, 938
1043
766
896, 695, 838, 675
798
1047
886, 830, 695, 552
734, 768
884, 688, 976
1051
1052
1053
888, 813, 669
1055
955, 861
1057
1058
975, 892
630, 747, 516
607, 704
708, 992, 673
776, 891, 522
1064
605, 563, 542
645, 732, 759
961, 770
520
1069
1070
662, 712
576
960
516, 840, 982, 825
572
677
1077
609, 837, 735
974, 737, 529, 785
560, 565
511, 502, 856
922, 745, 998, 904
686, 679, 820, 979
1084
842, 584, 995
1086
838, 596, 892
568, 653
655
1090
770
647, 913, 933
595, 976
681, 844, 843
843, 715, 811
704, 674, 601, 873
927, 881, 814
823, 848, 775
1099
743
841
941, 990, 926
856
513
567
832, 863
996, 858, 770, 774
840, 979, 888, 608
1109
589
625, 796, 511, 553
890, 978
779, 722, 563, 790
1114
903, 963, 620
588, 650
728, 634
524
552, 719
687, 639, 688, 922
825, 859
513
772, 689
1124
845, 919, 523, 538
731, 502
609, 884, 943
748, 600, 816
1129
542
609, 911, 639
851, 854, 800, 776
828, 945
824, 587
1135
816
1137
824, 613, 630, 653
571
610, 944, 743, 717
810, 812
537
502, 932, 541
619, 579, 976
852, 805, 847, 950
856, 714, 967, 562
801, 587
940, 953
942, 603, 962, 821
695, 934, 783, 867
698
1152
860
570, 652, 659
786, 510, 611
1156
646, 746, 795, 733
807, 722
1159
935, 734
700
541
1163
1164
734, 526
973, 868, 798
812
578
1169
627
661
852, 832, 876, 648
1173
832, 795, 917
828, 549
954
514, 566, 671
578
559, 572
871, 531, 992, 962
772, 668, 738
941, 807, 983
900, 612, 643
688
543, 813, 927, 563
1186
826, 841
673, 955, 749, 947
562, 568
517, 684, 530, 940
975, 704, 637, 657
919
578
866
1195
810, 533
704
1198
508, 677
769, 522
846
923, 686
857, 841, 692
506, 915, 999
817, 523, 713
948, 618, 757, 830
602, 875, 674, 933
779
1209
954, 943, 888, 626
736, 633
1212
749, 808, 798, 899
1214
1215
758, 710, 771
655, 668
820, 613
651
870, 767, 661
643
1222
574, 544
668, 657, 995, 846
1225
1226
894, 817
629, 794, 626
566
919, 586, 608, 989
633, 505
612, 786
813
982, 582
503, 911, 875, 929
1236
864, 598, 831
509, 869, 856, 742
1239
1240
823, 844, 524
836, 847, 889
1243
1244
928, 859
574, 988, 727
692, 526, 500
660, 957, 928, 769
720, 632, 839, 813
1250
524, 795, 562, 582
1252
571, 968, 614, 722
1254
511, 627, 773, 791
750
1257
988, 921
543
1260
750
783, 800, 952
1263
999, 700, 924, 654
844, 744
981
744, 958, 975, 662
939, 714, 796
528
529
653, 865, 657
726
507, 904
1274
857
950, 832, 524
752, 543, 542, 550
662, 826
965, 977, 716, 785
885, 638, 863, 923
1281
866, 756, 627
690
716, 536, 602
1285
836, 938
1287
528, 776
892
620, 599, 976
548, 792, 665, 865
965
1293
676, 650, 660, 648
830, 643, 872
798, 931, 748, 675
774, 790, 890, 954
937
627
704
662, 733
899, 719
816, 673, 615, 802
712, 946
771, 906, 999, 688
522, 541, 565
849, 978, 606
859, 690
690, 746, 782
724, 659
719
746
1313
585, 709, 853, 739
1315
710, 850
856, 619
656, 743
589, 636, 754, 801
881, 885
1321
561, 645, 680, 664
714, 643, 727
1324
609, 693
1326
724, 959
908, 725, 934, 535
970
784
908, 781, 890, 606
864, 723, 732, 858
626, 985, 562
1334
1335
864, 506, 530, 611
783, 683
525
933, 775, 743, 632
769, 845, 964, 528
685
1342
1343
643, 803
661, 697, 565, 548
690, 987, 620
769, 924, 541
983
862
508
1351
560, 520, 910, 782
878, 983, 757
1354
729, 671, 508, 922
859
960, 934, 534
713, 906, 538
564, 527, 678, 762
686
868, 707, 886
927, 554, 539
578
825, 654, 945, 967
1365
996, 749, 829, 579
1367
652, 660
555, 917, 640, 677
1370
657
1372
623, 869, 694
924, 538, 504, 593
1375
1376
851, 721, 527
784
794, 672, 533, 877
527
1381
662
969, 532, 994, 589
710
1385
549, 922, 979
729, 869
797
902, 876
871, 942
818, 510, 908, 820
599, 824, 855
1393
1394
730, 888, 867, 708
1396
577, 998
684, 686, 910, 592
873, 751
966, 853, 520
821, 861, 753, 560
608, 935
989, 850, 827
639, 718, 970, 780
1405
1406
720, 824, 869
644, 746, 672, 934
656, 500, 765
714, 739, 683
589, 549, 727
719, 647
909, 748, 593, 675
628, 939, 905
1415
683, 634, 770
1417
935
816, 709, 890, 787
903, 704, 716
1421
874
874, 596
984, 614
519, 824, 696
1426
971, 887
511, 615, 893, 764
685, 564, 603, 916
966, 833, 510, 872
814
836, 685, 531
920, 832, 909, 548
1434
1435
724, 799, 941
604
596
937, 932, 977
531, 892, 977, 680
950, 680, 747
759
524
655
772
561
584, 863, 717
1448
1449
606
752, 542, 817, 979
881
691, 890, 556, 795
605, 621, 878, 782
1455
805, 717, 718
1457
898
667, 655
550
823
937
841, 765, 650, 983
1464
565, 634
543, 815
561, 993, 982, 795
763, 792
543
936, 642, 792
1471
958
963, 742, 667, 783
837, 916, 691, 986
1475
1476
564
589
1479
748
581, 675, 796
827, 978
522, 968
701, 983, 759
702, 538, 823
752, 515, 573
512, 697, 590
673, 630
908, 970, 898
809, 914
675, 813, 704
571, 757, 587
809, 752
511
676, 765, 574
559, 539, 673
677
708, 516
875, 753, 742, 590
