1486
1446
1039
1132
1192
1183
1032
1007
1326
1171
1080
1439
1368
1130
1082
1373
1449
1371
1413
1278
1190
1071
1412
1220
1225
1483
1471
1208
1388
1445
1005
1175
1280
1376
1439
1066
1159
1055
1102
1055
1318
1069
1437
1254
1498
1061
1325
1379
1040
1499
1064
1240
1020
1115
1046
1088
1285
1005
1194
1224
1453
1109
1425
1221
1159
1310
1171
1090
1309
1085
1090
1315
1105
1213
1426
1337
1151
1471
1339
1045
1167
1408
1294
1183
1009
1081
1349
1217
1055
1335
1478
1028
1334
1033
1165
1497
1151
1091
1073
1073
1448
1449
1030
1061
1228
1468
1183
1360
1374
1462
1167
1049
1100
1446
1214
1332
1190
1325
1289
1222
1141
1040
1419
1388
1440
1022
1044
1061
1163
1192
1316
1136
1498
1279
1009
1105
1021
1087
1496
1165
1123
1179
1172
1294
1318
1004
1181
1370
1343
1445
1400
1248
1381
1139
1498
1336
1042
1286
1470
1401
1304
1383
1229
1067
1119
1122
1177
1056
1192
1335
1070
1356
1011
1160
1201
1473
1196
1244
1069
1079
1272
1251
1351
1295
1083
1186
1304
1086
1272
1219
1289
1487
1228
1461
1409
1067
1204
1291
1380
1491
1317
1374
1021
1204
1214
1127
1462
1213
1328
1039
1274
1207
1353
1476
1174
1367
1190
1370
1191
1103
1182
1034
1092
1405
1159
1116
1206
1496
1259
1123
1090
1086
1342
1486
1121
1220
1240
1002
1120
1143
1462
1096
1337
1338
1055
1355
1394
1431
1158
1461
1356
1274
1381
1320
1446
1195
1187
1310
1285
1125
1019
1473
1233
1169
1057
1419
1100
1397
1198
1149
1491
1314
1031
1324
1297
1353
1279
1463
1382
1362
1065
1399
1349
1396
1235
1262
1083
1285
1184
1434
1270
1117
1382
1092
1024
1006
1415
1265
1088
1466
1313
1009
1277
1383
1021
1123
1204
1320
1457
1332
1361
1172
1443
1048
1165
1432
1110
1453
1147
1495
1292
1314
1348
1274
1207
1168
1261
1199
1233
1405
1379
1310
1001
1336
1399
1302
1089
1222
1463
1416
1458
1127
1011
1151
1311
1291
1242
1299
1322
1469
1013
1353
1133
1388
1293
1333
1184
1298
1243
1488
1203
1462
1374
1314
1262
1225
1340
1252
1321
1237
1175
1024
1094
1492
1210
1237
1266
1452
1310
1136
1422
1241
1350
1201
1361
1315
1013
1171
1417
1024
1352
1462
1159
1274
1162
1411
1302
1074
1219
1487
1388
1078
1310
1016
1498
1316
1496
1069
1230
1346
1411
1055
1093
1243
1343
1197
1236
1189
1239
1279
1349
1471
1021
1011
1239
1499
1243
1397
1183
1387
1451
1252
1414
1210
1290
1394
1309
1254
1130
1196
1493
1119
1068
1206
1185
1137
1204
1357
1014
1230
1477
1093
1199
1375
1111
1433
1129
1441
1303
1447
1258
1152
1024
1079
1224
1145
1207
1427
1499
1270
1495
1430
1450
1438
1342
1366
1315
1349
1479
1265
1144
1374
1260
1279
1429
1368
1264
1195
1318
1441
1194
1015
1040
1169
1454
1272
1295
1446
1308
1287
1174
1259
1168
1445
1338
1270
1465
1152
1068
1209
1270
1085
1201
1021
1154
1083
1136
1015
1244
1330
1275
1180
1380
1052
1374
1175
1330
1051
1265
1404
1477
1255
1321
1187
1433
1452
1233
1040
1374
1434
1341
1178
1224
1204
1109
1173
1014
1196
1067
1449
1270
1106
1451
1259
1066
1289
1491
1120
1046
1436
1044
1265
1313
1224
1139
1370
1428
1202
1462
1352
1364
1352
1064
1363
1305
1037
1416
1056
1368
1116
1467
1467
1146
1269
1379
1029
1369
1357
1235
1208
1301
1059
1359
1183
1494
1497
1115
1131
1401
1329
1216
1216
1035
1366
1431
1155
1357
1117
1110
1348
1269
1429
1364
1154
1105
1242
1476
1350
1400
1148
1436
1308
1256
1205
1108
1025
1080
1133
1122
1041
1034
1004
1179
1390
1442
1066
1368
1341
1475
1120
1385
1085
1435
1405
1090
1343
1191
1038
1492
1007
1454
1297
1014
1071
1184
1348
1302
1116
1008
1148
1459
1352
1107
1343
1232
1283
1301
1147
1023
1471
1151
1260
1336
1192
1029
1039
1293
1404
1208
1089
1099
1376
1404
1429
1362
1301
1055
1211
1282
1396
1062
1167
1339
1477
1162
1435
1321
1077
1266
1471
1134
1338
1285
1156
1156
1267
1485
1414
1379
1346
1419
1395
1256
1144
1077
1423
1112
1018
1203
1377
1197
1190
1461
1403
1341
1387
1416
1463
1446
1394
1189
1006
1213
1044
1394
1163
1090
1111
1254
1159
1133
1064
1330
1257
1287
1091
1366
1006
1130
1053
1151
1475
1317
1135
1306
1263
1123
1354
1420
1345
1158
1165
1418
1094
1169
1082
1407
1436
1151
1219
1415
1350
1443
1374
1139
1010
1007
1234
1118
1393
1002
1356
1185
1015
1118
1323
1042
1432
1130
1314
1229
1464
1211
1090
1198
1281
1311
1470
1118
1357
1484
1420
1493
1271
1273
1040
1217
1061
1117
1358
1208
1434
1335
1144
1142
1483
1274
1057
1274
1358
1242
1035
1288
1210
1152
1352
1497
1382
1445
1101
1054
1018
1491
1014
1167
1461
1031
1058
1392
1449
1290
1190
1444
1179
1434
1000
1293
1162
1139
1493
1425
1287
1402
1322
1392
1089
1178
1205
1278
1467
1285
1150
1060
1173
1292
1322
1068
1191
1092
1073
1318
1099
1468
1008
1457
1216
1080
1464
1004
1384
1000
1384
1368
1014
1180
1347
1443
1128
1034
1023
1316
1292
1193
1485
1365
1171
1271
1458
1231
1464
1380
1471
1318
1259
1008
1120
1447
1092
1050
1376
1079
1171
1334
1252
1493
1301
1261
1024
1044
1301
1433
1423
1269
1185
1268
1193
1281
1189
1111
1191
1400
1119
1281
1123
1421
1422
1027
1464
1048
1263
1295
1341
1362
1155
1427
1011
1413
1160
1440
1116
1112
1112
1248
1480
1027
1334
1372
1392
1434
1440
1117
1491
1052
1006
1125
1174
1197
1341
1139
1141
1011
1436
1380
1290
1499
1038
1369
1035
1045
1338
1067
1286
1015
1305
1490
1374
1268
1499
1451
1161
1295
1416
1321
1209
1177
1314
1434
1169
1446
1240
