[2026-01-29T14:23:41.547] Solution found: PfsEvaluatedSolution(value:3882, solution:Array(20, 13, 14, 4, 3, 21, 38, 24, 11, 50, 19, 40, 31, 16, 44, 30, 49, 12, 41, 18, 46, 36, 48, 42, 39, 33, 22, 17, 25, 9, 23, 45, 8, 47, 32, 43, 35, 10, 7, 37, 29, 6, 15, 2, 26, 1, 34, 27, 5, 28))
[2026-01-29T14:25:54.108] Solution found: PfsEvaluatedSolution(value:3882, solution:Array(20, 13, 14, 4, 3, 21, 38, 24, 11, 50, 19, 40, 31, 16, 44, 30, 49, 12, 41, 18, 46, 36, 48, 42, 39, 33, 22, 17, 25, 9, 23, 45, 8, 47, 32, 43, 35, 10, 7, 37, 29, 6, 15, 2, 26, 1, 34, 27, 5, 28))
[2026-01-29T14:25:54.290] Solution found: PfsEvaluatedSolution(value:3882, solution:Array(20, 13, 14, 4, 3, 21, 38, 24, 11, 50, 19, 40, 31, 16, 44, 30, 49, 12, 41, 18, 46, 36, 48, 42, 39, 33, 22, 17, 25, 9, 23, 45, 8, 47, 32, 43, 35, 10, 7, 37, 29, 6, 15, 2, 26, 1, 34, 27, 5, 28))
[2026-02-02T17:16:47.150] Solution found: PfsEvaluatedSolution(value:3882, solution:Array(20, 13, 14, 4, 3, 21, 38, 24, 11, 50, 19, 40, 31, 16, 44, 30, 49, 12, 41, 18, 46, 36, 48, 42, 39, 33, 22, 17, 25, 9, 23, 45, 8, 47, 32, 43, 35, 10, 7, 37, 29, 6, 15, 2, 26, 1, 34, 27, 5, 28))
[2026-02-02T17:18:10.425] Solution found: PfsEvaluatedSolution(value:3882, solution:Array(20, 13, 14, 4, 3, 21, 38, 24, 11, 50, 19, 40, 31, 16, 44, 30, 49, 12, 41, 18, 46, 36, 48, 42, 39, 33, 22, 17, 25, 9, 23, 45, 8, 47, 32, 43, 35, 10, 7, 37, 29, 6, 15, 2, 26, 1, 34, 27, 5, 28))
[2026-02-02T17:18:13.477] Solution found: PfsEvaluatedSolution(value:3882, solution:Array(20, 13, 14, 4, 3, 21, 38, 24, 11, 50, 19, 40, 31, 16, 44, 30, 49, 12, 41, 18, 46, 36, 48, 42, 39, 33, 22, 17, 25, 9, 23, 45, 8, 47, 32, 43, 35, 10, 7, 37, 29, 6, 15, 2, 26, 1, 34, 27, 5, 28))
[2026-02-02T17:20:47.269] Solution found: PfsEvaluatedSolution(value:3882, solution:Array(20, 13, 14, 4, 3, 21, 38, 24, 11, 50, 19, 40, 31, 16, 44, 30, 49, 12, 41, 18, 46, 36, 48, 42, 39, 33, 22, 17, 25, 9, 23, 45, 8, 47, 32, 43, 35, 10, 7, 37, 29, 6, 15, 2, 26, 1, 34, 27, 5, 28))
[2026-02-02T17:20:58.279] Solution found: PfsEvaluatedSolution(value:3882, solution:Array(20, 13, 14, 4, 3, 21, 38, 24, 11, 50, 19, 40, 31, 16, 44, 30, 49, 12, 41, 18, 46, 36, 48, 42, 39, 33, 22, 17, 25, 9, 23, 45, 8, 47, 32, 43, 35, 10, 7, 37, 29, 6, 15, 2, 26, 1, 34, 27, 5, 28))
[2026-02-03T16:17:15.730] Solution found: PfsEvaluatedSolution(value:3882, solution:Array(20, 13, 14, 4, 3, 21, 38, 24, 11, 50, 19, 40, 31, 16, 44, 30, 49, 12, 41, 18, 46, 36, 48, 42, 39, 33, 22, 17, 25, 9, 23, 45, 8, 47, 43, 32, 35, 10, 7, 37, 29, 6, 15, 2, 26, 1, 34, 27, 5, 28))
[2026-02-03T16:21:38.777] Solution found: PfsEvaluatedSolution(value:3882, solution:Array(20, 13, 14, 4, 3, 21, 38, 24, 11, 50, 19, 40, 31, 16, 44, 30, 49, 12, 41, 18, 46, 36, 48, 42, 39, 33, 22, 17, 25, 9, 23, 45, 8, 47, 32, 43, 35, 10, 7, 37, 29, 6, 15, 2, 26, 1, 34, 27, 5, 28))
[2026-02-03T16:23:03.743] Solution found: PfsEvaluatedSolution(value:3882, solution:Array(20, 13, 14, 4, 3, 21, 38, 24, 11, 50, 19, 40, 31, 16, 44, 30, 49, 12, 41, 18, 46, 36, 48, 42, 39, 33, 22, 17, 25, 9, 23, 45, 8, 47, 32, 43, 35, 10, 7, 37, 29, 6, 15, 2, 26, 1, 34, 27, 5, 28))
[2026-02-03T16:23:05.656] Solution found: PfsEvaluatedSolution(value:3882, solution:Array(20, 13, 14, 4, 3, 21, 38, 24, 11, 50, 19, 40, 31, 16, 44, 30, 49, 12, 41, 18, 46, 36, 48, 42, 39, 33, 22, 17, 25, 9, 23, 45, 8, 47, 32, 43, 35, 10, 7, 37, 29, 6, 15, 2, 26, 1, 34, 27, 5, 28))
[2026-02-03T16:25:37.208] Solution found: PfsEvaluatedSolution(value:3882, solution:Array(20, 13, 14, 4, 3, 21, 38, 24, 11, 50, 19, 40, 31, 16, 44, 30, 49, 12, 41, 18, 46, 36, 48, 42, 39, 33, 22, 17, 25, 9, 23, 45, 8, 47, 32, 43, 35, 10, 7, 37, 29, 6, 15, 2, 26, 1, 34, 27, 5, 28))
[2026-02-03T16:25:44.925] Solution found: PfsEvaluatedSolution(value:3882, solution:Array(20, 13, 14, 4, 3, 21, 38, 24, 11, 50, 19, 40, 31, 16, 44, 30, 49, 12, 41, 18, 46, 36, 48, 42, 39, 33, 22, 17, 25, 9, 23, 45, 8, 47, 43, 32, 35, 10, 7, 37, 29, 6, 15, 2, 26, 1, 34, 27, 5, 28))
[2026-02-03T16:29:38.986] Solution found: PfsEvaluatedSolution(value:3882, solution:Array(20, 13, 14, 4, 3, 21, 38, 24, 11, 50, 19, 40, 31, 16, 44, 30, 49, 12, 41, 18, 46, 36, 48, 42, 39, 33, 22, 17, 25, 9, 23, 45, 8, 47, 32, 43, 35, 10, 7, 37, 29, 6, 15, 2, 26, 1, 34, 27, 5, 28))
[2026-02-03T16:31:00.912] Solution found: PfsEvaluatedSolution(value:3882, solution:Array(20, 13, 14, 4, 3, 21, 38, 24, 11, 50, 19, 40, 31, 16, 44, 30, 49, 12, 41, 18, 46, 36, 48, 42, 39, 33, 22, 17, 25, 9, 23, 45, 8, 47, 32, 43, 35, 10, 7, 37, 29, 6, 15, 2, 26, 1, 34, 27, 5, 28))
[2026-02-03T16:31:06.406] Solution found: PfsEvaluatedSolution(value:3882, solution:Array(20, 13, 14, 4, 3, 21, 38, 24, 11, 50, 19, 40, 31, 16, 44, 30, 49, 12, 41, 18, 46, 36, 48, 42, 39, 33, 22, 17, 25, 9, 23, 45, 8, 47, 32, 43, 35, 10, 7, 37, 29, 6, 15, 2, 26, 1, 34, 27, 5, 28))
[2026-02-03T16:33:51.489] Solution found: PfsEvaluatedSolution(value:3882, solution:Array(20, 13, 14, 4, 3, 21, 38, 24, 11, 50, 19, 40, 31, 16, 44, 30, 49, 12, 41, 18, 46, 36, 48, 42, 39, 33, 22, 17, 25, 9, 23, 45, 8, 47, 32, 43, 35, 10, 7, 37, 29, 6, 15, 2, 26, 1, 34, 27, 5, 28))
[2026-02-03T16:33:53.785] Solution found: PfsEvaluatedSolution(value:3882, solution:Array(20, 13, 14, 4, 3, 21, 38, 24, 11, 50, 19, 40, 31, 16, 44, 30, 49, 12, 41, 18, 46, 36, 48, 42, 39, 33, 22, 17, 25, 9, 23, 45, 8, 47, 43, 32, 35, 10, 7, 37, 29, 6, 15, 2, 26, 1, 34, 27, 5, 28))
[2026-02-03T16:41:11.895] Solution found: PfsEvaluatedSolution(value:3882, solution:Array(20, 13, 14, 4, 3, 21, 38, 24, 11, 50, 19, 40, 31, 16, 44, 30, 49, 12, 41, 18, 46, 36, 48, 42, 39, 33, 22, 17, 25, 9, 23, 45, 8, 47, 32, 43, 35, 10, 7, 37, 29, 6, 15, 2, 26, 1, 34, 27, 5, 28))
[2026-02-03T16:42:33.674] Solution found: PfsEvaluatedSolution(value:3882, solution:Array(20, 13, 14, 4, 3, 21, 38, 24, 11, 50, 19, 40, 31, 16, 44, 30, 49, 12, 41, 18, 46, 36, 48, 42, 39, 33, 22, 17, 25, 9, 23, 45, 8, 47, 32, 43, 35, 10, 7, 37, 29, 6, 15, 2, 26, 1, 34, 27, 5, 28))
[2026-02-03T16:42:35.081] Solution found: PfsEvaluatedSolution(value:3882, solution:Array(20, 13, 14, 4, 3, 21, 38, 24, 11, 50, 19, 40, 31, 16, 44, 30, 49, 12, 41, 18, 46, 36, 48, 42, 39, 33, 22, 17, 25, 9, 23, 45, 8, 47, 32, 43, 35, 10, 7, 37, 29, 6, 15, 2, 26, 1, 34, 27, 5, 28))
[2026-02-03T16:45:20.036] Solution found: PfsEvaluatedSolution(value:3882, solution:Array(20, 13, 14, 4, 3, 21, 38, 24, 11, 50, 19, 40, 31, 16, 44, 30, 49, 12, 41, 18, 46, 36, 48, 42, 39, 33, 22, 17, 25, 9, 23, 45, 8, 47, 32, 43, 35, 10, 7, 37, 29, 6, 15, 2, 26, 1, 34, 27, 5, 28))
[2026-02-03T16:45:41.348] Solution found: PfsEvaluatedSolution(value:3882, solution:Array(20, 13, 14, 4, 3, 21, 38, 24, 11, 50, 19, 40, 31, 16, 44, 30, 49, 12, 41, 18, 46, 36, 48, 42, 39, 33, 22, 17, 25, 9, 23, 45, 8, 47, 43, 32, 35, 10, 7, 37, 29, 6, 15, 2, 26, 1, 34, 27, 5, 28))
[2026-02-03T17:02:25.912] Solution found: PfsEvaluatedSolution(value:3882, solution:Array(20, 13, 14, 4, 3, 21, 38, 24, 11, 50, 19, 40, 31, 16, 44, 30, 49, 12, 41, 18, 46, 36, 48, 42, 39, 33, 22, 17, 25, 9, 23, 45, 8, 47, 32, 43, 35, 10, 7, 37, 29, 6, 15, 2, 26, 1, 34, 27, 5, 28))
[2026-02-03T17:03:49.867] Solution found: PfsEvaluatedSolution(value:3882, solution:Array(20, 13, 14, 4, 3, 21, 38, 24, 11, 50, 19, 40, 31, 16, 44, 30, 49, 12, 41, 18, 46, 36, 48, 42, 39, 33, 22, 17, 25, 9, 23, 45, 8, 47, 32, 43, 35, 10, 7, 37, 29, 6, 15, 2, 26, 1, 34, 27, 5, 28))
[2026-02-03T17:03:52.630] Solution found: PfsEvaluatedSolution(value:3882, solution:Array(20, 13, 14, 4, 3, 21, 38, 24, 11, 50, 19, 40, 31, 16, 44, 30, 49, 12, 41, 18, 46, 36, 48, 42, 39, 33, 22, 17, 25, 9, 23, 45, 8, 47, 32, 43, 35, 10, 7, 37, 29, 6, 15, 2, 26, 1, 34, 27, 5, 28))
[2026-02-03T17:06:44.608] Solution found: PfsEvaluatedSolution(value:3882, solution:Array(20, 13, 14, 4, 3, 21, 38, 24, 11, 50, 19, 40, 31, 16, 44, 30, 49, 12, 41, 18, 46, 36, 48, 42, 39, 33, 22, 17, 25, 9, 23, 45, 8, 47, 43, 32, 35, 10, 7, 37, 29, 6, 15, 2, 26, 1, 34, 27, 5, 28))
[2026-02-03T17:06:54.803] Solution found: PfsEvaluatedSolution(value:3882, solution:Array(20, 13, 14, 4, 3, 21, 38, 24, 11, 50, 19, 40, 31, 16, 44, 30, 49, 12, 41, 18, 46, 36, 48, 42, 39, 33, 22, 17, 25, 9, 23, 45, 8, 47, 32, 43, 35, 10, 7, 37, 29, 6, 15, 2, 26, 1, 34, 27, 5, 28))
